1671095306.635822
1671095306.655895
1671095306.673273
1671095306.696188
1671095306.717765
1671095306.732839
1671095306.755282
1671095306.775037
1671095306.797166
1671095306.814697
1671095306.834674
1671095306.856041
1671095306.878656
1671095306.894091
1671095306.915055
1671095306.936103
1671095306.953747
1671095306.980069
1671095306.995475
1671095307.017990
1671095307.035054
1671095307.056334
1671095307.073357
1671095307.095545
1671095307.118009
1671095307.136086
1671095307.154113
1671095307.187709
1671095307.195036
1671095307.220305
1671095307.232964
1671095307.256500
1671095307.280408
1671095307.295781
1671095307.319205
1671095307.333839
1671095307.355131
1671095307.382488
1671095307.393142
1671095307.418545
1671095307.434623
1671095307.454727
1671095307.476022
1671095307.495851
1671095307.513781
1671095307.534425
1671095307.554738
1671095307.576308
1671095307.592968
1671095307.614966
1671095307.639807
1671095307.655920
1671095307.678548
1671095307.694230
1671095307.715418
1671095307.736474
1671095307.753752
1671095307.778875
1671095307.795796
1671095307.815906
1671095307.834712
1671095307.856269
1671095307.873418
1671095307.893861
1671095307.915975
1671095307.936618
1671095307.953884
1671095307.976036
1671095307.995549
1671095308.017897
1671095308.034824
1671095308.056265
1671095308.073040
1671095308.094365
1671095308.118163
1671095308.135937
1671095308.152973
1671095308.173959
1671095308.195696
1671095308.219931
1671095308.233289
1671095308.254552
1671095308.280249
1671095308.294746
1671095308.317689
1671095308.333838
1671095308.355582
1671095308.376025
1671095308.394732
1671095308.413447
1671095308.434673
1671095308.455390
1671095308.478017
1671095308.494010
1671095308.514932
1671095308.536588
1671095308.553830
1671095308.575013
1671095308.594991
1671095308.616594
1671095308.633185
1671095308.654479
1671095308.676032
1671095308.693082
1671095308.715332
1671095308.735528
1671095308.756607
1671095308.775052
1671095308.794706
1671095308.818584
1671095308.834572
1671095308.855582
1671095308.878893
1671095308.893747
1671095308.918995
1671095308.936241
1671095308.953428
1671095308.975775
1671095308.995280
1671095309.013438
1671095309.034636
1671095309.055770
1671095309.072720
1671095309.094363
1671095309.115041
1671095309.137448
1671095309.153904
1671095309.174317
1671095309.196061
1671095309.213380
1671095309.236895
1671095309.256290
1671095309.277800
1671095309.294337
1671095309.315705
1671095309.336655
1671095309.354447
1671095309.377548
1671095309.403874
1671095309.413364
1671095309.434561
1671095309.455733
1671095309.477482
1671095309.493803
1671095309.514913
1671095309.536222
1671095309.554645
1671095309.577543
1671095309.595087
1671095309.614539
1671095309.635096
1671095309.655998
1671095309.677052
1671095309.693602
1671095309.715484
1671095309.735502
1671095309.756190
1671095309.778862
1671095309.794770
1671095309.815159
1671095309.837653
1671095309.854675
1671095309.879812
1671095309.893154
1671095309.914344
1671095309.940541
1671095309.956443
1671095309.973232
1671095309.995402
1671095310.015360
1671095310.035547
1671095310.056499
1671095310.078745
1671095310.093973
1671095310.117780
1671095310.136028
1671095310.153571
1671095310.174423
1671095310.195383
1671095310.214950
1671095310.234886
1671095310.255433
1671095310.276284
1671095310.295799
1671095310.314510
1671095310.335792
1671095310.353555
1671095310.374346
1671095310.395661
1671095310.415472
1671095310.435164
1671095310.455889
1671095310.478377
1671095310.493870
1671095310.515480
1671095310.536481
1671095310.553312
1671095310.574490
1671095310.595104
1671095310.616186
1671095310.636157
1671095310.654535
1671095310.676241
1671095310.696487
1671095310.719285
1671095310.734448
1671095310.755957
1671095310.783903
1671095310.798415
1671095310.818181
1671095310.836125
1671095310.856210
1671095310.875407
1671095310.896719
1671095310.914366
1671095310.936739
1671095310.955711
1671095310.974286
1671095310.999869
1671095311.014994
1671095311.036552
1671095311.054747
1671095311.076669
1671095311.092994
1671095311.114436
1671095311.135854
1671095311.156111
1671095311.174522
1671095311.194348
1671095311.215360
1671095311.237375
1671095311.256798
1671095311.273610
1671095311.301072
1671095311.317417
1671095311.333037
1671095311.354589
1671095311.375487
1671095311.394805
1671095311.413397
1671095311.434504
1671095311.455709
1671095311.481666
1671095311.493710
1671095311.514536
1671095311.535776
1671095311.553637
1671095311.574131
1671095311.595215
1671095311.613900
1671095311.634512
1671095311.656587
1671095311.676932
1671095311.693578
1671095311.718266
1671095311.736821
1671095311.753509
1671095311.775718
1671095311.795174
1671095311.813551
1671095311.834818
1671095311.856217
1671095311.877318
1671095311.893764
1671095311.915568
1671095311.936031
1671095311.956667
1671095311.976092
1671095311.995253
1671095312.015881
1671095312.033937
1671095312.055095
1671095312.081592
1671095312.093601
1671095312.114094
1671095312.135302
1671095312.156476
1671095312.179879
1671095312.194422
1671095312.215522
1671095312.235487
1671095312.256698
1671095312.273645
1671095312.295371
1671095312.316162
1671095312.333361
1671095312.354488
1671095312.375767
1671095312.395194
1671095312.416214
1671095312.433468
1671095312.454933
1671095312.475641
1671095312.502886
1671095312.513526
1671095312.535340
1671095312.555981
1671095312.578986
1671095312.595156
1671095312.616847
1671095312.634713
1671095312.656215
1671095312.677197
1671095312.694100
1671095312.715324
1671095312.736448
1671095312.754777
1671095312.774928
1671095312.795278
1671095312.818136
1671095312.834551
1671095312.855021
1671095312.875418
1671095312.896446
1671095312.918640
1671095312.934919
1671095312.961884
1671095312.976509
1671095312.995159
1671095313.018208
1671095313.034073
1671095313.055185
1671095313.081084
1671095313.093559
1671095313.114184
1671095313.136384
1671095313.156440
1671095313.174001
1671095313.194370
1671095313.215374
1671095313.235554
1671095313.257637
1671095313.273328
1671095313.294238
1671095313.315406
1671095313.337563
1671095313.353720
1671095313.379974
1671095313.395840
1671095313.416777
1671095313.436118
1671095313.456383
1671095313.473633
1671095313.494473
1671095313.515477
1671095313.537419
1671095313.553751
1671095313.576241
1671095313.594497
1671095313.614713
1671095313.636825
1671095313.654853
1671095313.675967
1671095313.694309
1671095313.714947
1671095313.737195
1671095313.756449
1671095313.778895
1671095313.794428
1671095313.818585
1671095313.836066
1671095313.855254
1671095313.876277
1671095313.896430
1671095313.918654
1671095313.934513
1671095313.955953
1671095313.985387
1671095313.993490
1671095314.018299
1671095314.034427
1671095314.059687
1671095314.078982
1671095314.094303
1671095314.115970
1671095314.142944
1671095314.153394
1671095314.174477
1671095314.195762
1671095314.217112
1671095314.234174
1671095314.255585
1671095314.275262
1671095314.293833
1671095314.315588
1671095314.336278
1671095314.353843
1671095314.379858
1671095314.396213
1671095314.416391
1671095314.436619
1671095314.454924
1671095314.476446
1671095314.494636
1671095314.517274
1671095314.535958
1671095314.556494
1671095314.573733
1671095314.597303
1671095314.615813
1671095314.637015
1671095314.654960
1671095314.678500
1671095314.703090
1671095314.714029
1671095314.735368
1671095314.755727
1671095314.780165
1671095314.795368
1671095314.817339
1671095314.835010
1671095314.856037
1671095314.873583
1671095314.895637
1671095314.922580
1671095314.936947
1671095314.954685
1671095314.975780
1671095315.008019
1671095315.013601
1671095315.034911
1671095315.056059
1671095315.081162
1671095315.096776
1671095315.113981
1671095315.135729
1671095315.157727
1671095315.179679
1671095315.194901
1671095315.222537
1671095315.233621
1671095315.255480
1671095315.280223
1671095315.296031
1671095315.315416
1671095315.338117
1671095315.354880
1671095315.374995
1671095315.396271
1671095315.413643
1671095315.434523
1671095315.456571
1671095315.483909
1671095315.494699
1671095315.515746
1671095315.537234
1671095315.555004
1671095315.575327
1671095315.596411
1671095315.613407
1671095315.634648
1671095315.656075
1671095315.683078
1671095315.698240
1671095315.714001
1671095315.736278
1671095315.756826
1671095315.779946
1671095315.795069
1671095315.822824
1671095315.834192
1671095315.855887
1671095315.880406
1671095315.895218
1671095315.915672
1671095315.937176
1671095315.954301
1671095315.975131
1671095315.995883
1671095316.015842
1671095316.037220
1671095316.055216
1671095316.077010
1671095316.095174
1671095316.118413
1671095316.135467
1671095316.156409
1671095316.173636
1671095316.195210
1671095316.222090
1671095316.236969
1671095316.255834
1671095316.280325
1671095316.294038
1671095316.316747
1671095316.336300
1671095316.354141
1671095316.381487
1671095316.398553
1671095316.413935
1671095316.435226
1671095316.456280
1671095316.480112
1671095316.494295
1671095316.516423
1671095316.537344
1671095316.555275
1671095316.574795
1671095316.595959
1671095316.613786
1671095316.635273
1671095316.656940
1671095316.683999
1671095316.694672
1671095316.715591
1671095316.736936
1671095316.754545
1671095316.780410
1671095316.795391
1671095316.820255
1671095316.833826
1671095316.854926
1671095316.876237
1671095316.900213
1671095316.914086
1671095316.935952
1671095316.956343
1671095316.980529
1671095316.995100
1671095317.016232
1671095317.034247
1671095317.055525
1671095317.076068
1671095317.096863
1671095317.113883
1671095317.135953
1671095317.155831
1671095317.176841
1671095317.194123
1671095317.214963
1671095317.236239
1671095317.257143
1671095317.277252
1671095317.295439
1671095317.321709
1671095317.333588
1671095317.354993
1671095317.375768
1671095317.397352
1671095317.414337
1671095317.436455
1671095317.457049
1671095317.480094
1671095317.495127
1671095317.516165
1671095317.538964
1671095317.554584
1671095317.577585
1671095317.594218
1671095317.615149
1671095317.636535
1671095317.655801
1671095317.681381
1671095317.696877
1671095317.714973
1671095317.735232
1671095317.762403
1671095317.776748
1671095317.793923
1671095317.828593
1671095317.835978
1671095317.856306
1671095317.874436
1671095317.895100
1671095317.915982
1671095317.937083
1671095317.954866
1671095317.975437
1671095317.995213
1671095318.018597
1671095318.035861
1671095318.055545
1671095318.077297
1671095318.093612
1671095318.119120
1671095318.135926
1671095318.156940
1671095318.184122
1671095318.195206
1671095318.216076
1671095318.236240
1671095318.257584
1671095318.274232
1671095318.295713
1671095318.315943
1671095318.337069
1671095318.354223
1671095318.383841
1671095318.395406
1671095318.416933
1671095318.434663
1671095318.455161
1671095318.476731
1671095318.497960
1671095318.514666
1671095318.535941
1671095318.557296
1671095318.579738
1671095318.595316
1671095318.616177
1671095318.636633
1671095318.656130
1671095318.676064
1671095318.699907
1671095318.714276
1671095318.734815
1671095318.756666
1671095318.779747
1671095318.795769
1671095318.814490
1671095318.836823
1671095318.856634
1671095318.877632
1671095318.894064
1671095318.919704
1671095318.936289
1671095318.957316
1671095318.980257
1671095318.996474
1671095319.018809
1671095319.035388
1671095319.056613
1671095319.079698
1671095319.095084
1671095319.116379
1671095319.137458
1671095319.156613
1671095319.174883
1671095319.200780
1671095319.217007
1671095319.235865
1671095319.257230
1671095319.274300
1671095319.298495
1671095319.320154
1671095319.333780
1671095319.356177
1671095319.376378
1671095319.397355
1671095319.416478
1671095319.435848
1671095319.456986
1671095319.473892
1671095319.495389
1671095319.515929
1671095319.534095
1671095319.555529
1671095319.578428
1671095319.597286
1671095319.615960
1671095319.635835
1671095319.657408
1671095319.674717
1671095319.695563
1671095319.716215
1671095319.737981
1671095319.754560
1671095319.779873
1671095319.796437
1671095319.817144
1671095319.836384
1671095319.857399
1671095319.876140
1671095319.895282
1671095319.916520
1671095319.937273
1671095319.954614
1671095319.984293
1671095319.996625
1671095320.018486
1671095320.034990
1671095320.057387
1671095320.074426
1671095320.094757
1671095320.120052
1671095320.136923
1671095320.153681
1671095320.176412
1671095320.195954
1671095320.219448
1671095320.235309
1671095320.256041
1671095320.276036
1671095320.294431
1671095320.318913
1671095320.336777
1671095320.354417
1671095320.375823
1671095320.396276
1671095320.416912
1671095320.443388
1671095320.456321
1671095320.476836
1671095320.493989
1671095320.515340
1671095320.536551
1671095320.557485
1671095320.574514
1671095320.596393
1671095320.616250
1671095320.643261
1671095320.655534
1671095320.677205
1671095320.697114
1671095320.717483
1671095320.741970
1671095320.756590
1671095320.777325
1671095320.796057
1671095320.814644
1671095320.843285
1671095320.857017
1671095320.877046
1671095320.895458
1671095320.920093
1671095320.943237
1671095320.954390
1671095320.979664
1671095320.996076
1671095321.014326
1671095321.035455
1671095321.056677
1671095321.073798
1671095321.095969
1671095321.115932
1671095321.136936
1671095321.154047
1671095321.175249
1671095321.196518
1671095321.213854
1671095321.236020
1671095321.256852
1671095321.275678
1671095321.294941
1671095321.319768
1671095321.337081
1671095321.360965
1671095321.375668
1671095321.396998
1671095321.421073
1671095321.436875
1671095321.456595
1671095321.476787
1671095321.494002
1671095321.515384
1671095321.536345
1671095321.557947
1671095321.583707
1671095321.596170
1671095321.615904
1671095321.635673
1671095321.656631
1671095321.674332
1671095321.695030
1671095321.717051
1671095321.734478
1671095321.755587
1671095321.780209
1671095321.797896
1671095321.816981
1671095321.834880
1671095321.856761
1671095321.878171
1671095321.894547
1671095321.915738
1671095321.936700
1671095321.958399
1671095321.974115
1671095321.995223
1671095322.016500
1671095322.034841
1671095322.056706
1671095322.077576
1671095322.095275
1671095322.116636
1671095322.137068
1671095322.157642
1671095322.180105
1671095322.200183
1671095322.217222
1671095322.234161
1671095322.256321
1671095322.275460
1671095322.298448
1671095322.316046
1671095322.337204
1671095322.354754
1671095322.375123
1671095322.396471
1671095322.419739
1671095322.437339
1671095322.456016
1671095322.481799
1671095322.497786
1671095322.523042
1671095322.535774
1671095322.556803
1671095322.574173
1671095322.597662
1671095322.619664
1671095322.635377
1671095322.656402
1671095322.674308
1671095322.695204
1671095322.722162
1671095322.737297
1671095322.754303
1671095322.780122
1671095322.796561
1671095322.816082
1671095322.837627
1671095322.855792
1671095322.877649
1671095322.899950
1671095322.921517
1671095322.936667
1671095322.957338
1671095322.974484
1671095322.996100
1671095323.016431
1671095323.038289
1671095323.055965
1671095323.077606
1671095323.094000
1671095323.115412
1671095323.137181
1671095323.157216
1671095323.174269
1671095323.195987
1671095323.217027
1671095323.237068
1671095323.255996
1671095323.274595
1671095323.296445
1671095323.316553
1671095323.339076
1671095323.355076
1671095323.380217
1671095323.395885
1671095323.414721
1671095323.435761
1671095323.457091
1671095323.474160
1671095323.496168
1671095323.516490
1671095323.537216
1671095323.554407
1671095323.581155
1671095323.596191
1671095323.614503
1671095323.635837
1671095323.657463
1671095323.674906
1671095323.695084
1671095323.717296
1671095323.737820
1671095323.755721
1671095323.780313
1671095323.796432
1671095323.815933
1671095323.835992
1671095323.857627
1671095323.880001
1671095323.895102
1671095323.916573
1671095323.937695
1671095323.954579
1671095323.976309
1671095323.996129
1671095324.018200
1671095324.035538
1671095324.056008
1671095324.082491
1671095324.094573
1671095324.115044
1671095324.136810
1671095324.157545
1671095324.174341
1671095324.195549
1671095324.216295
1671095324.236004
1671095324.257572
1671095324.274647
1671095324.295682
1671095324.316963
1671095324.335344
1671095324.355312
1671095324.377522
1671095324.401851
1671095324.420831
1671095324.434636
1671095324.455770
1671095324.476985
1671095324.494703
1671095324.515088
1671095324.537507
1671095324.557704
1671095324.574236
1671095324.596886
1671095324.616330
1671095324.637213
1671095324.656966
1671095324.674366
1671095324.696831
1671095324.717197
1671095324.734422
1671095324.755786
1671095324.776371
1671095324.798679
1671095324.817170
1671095324.836646
1671095324.857921
1671095324.880109
1671095324.895582
1671095324.916912
1671095324.937976
1671095324.955282
1671095324.976028
1671095324.996509
1671095325.017557
1671095325.037051
1671095325.058333
1671095325.074784
1671095325.096127
1671095325.116644
1671095325.137648
1671095325.154742
1671095325.181139
1671095325.197318
1671095325.218814
1671095325.235578
1671095325.256693
1671095325.283840
1671095325.295413
1671095325.320070
1671095325.337613
1671095325.360108
1671095325.376094
1671095325.396669
1671095325.416430
1671095325.435866
1671095325.456774
1671095325.478733
1671095325.494982
1671095325.519495
1671095325.536803
1671095325.558456
1671095325.575000
1671095325.598567
1671095325.619793
1671095325.637239
1671095325.655838
1671095325.680166
1671095325.697702
1671095325.714681
1671095325.735783
1671095325.757022
1671095325.774532
1671095325.796086
1671095325.816337
1671095325.839839
1671095325.856128
1671095325.882345
1671095325.897679
1671095325.914819
1671095325.936133
1671095325.959193
1671095325.980529
1671095325.997777
1671095326.016829
1671095326.038081
1671095326.057349
1671095326.083739
1671095326.095991
1671095326.117139
1671095326.134889
1671095326.155764
1671095326.181863
1671095326.198367
1671095326.215300
1671095326.236762
1671095326.257913
1671095326.274547
1671095326.296232
1671095326.316314
1671095326.337584
1671095326.354713
1671095326.380652
1671095326.397918
1671095326.414666
1671095326.437120
1671095326.456967
1671095326.475204
1671095326.496747
1671095326.517970
1671095326.536030
1671095326.556876
1671095326.578682
1671095326.599716
1671095326.616122
1671095326.642852
1671095326.656757
1671095326.675123
1671095326.697855
1671095326.717784
1671095326.737239
1671095326.757383
1671095326.774966
1671095326.798142
1671095326.820366
1671095326.837240
1671095326.857546
1671095326.882432
1671095326.896038
1671095326.924107
1671095326.938208
1671095326.955052
1671095326.977762
1671095326.998325
1671095327.023338
1671095327.035902
1671095327.057632
1671095327.074319
1671095327.100957
1671095327.119998
1671095327.137485
1671095327.154514
1671095327.175470
1671095327.199142
1671095327.219996
1671095327.234647
1671095327.257797
1671095327.288004
1671095327.294761
1671095327.319809
1671095327.337695
1671095327.354756
1671095327.375695
1671095327.396947
1671095327.419421
1671095327.435785
1671095327.457028
1671095327.479022
1671095327.495063
1671095327.515710
1671095327.542775
1671095327.558068
1671095327.575218
1671095327.597611
1671095327.616709
1671095327.641532
1671095327.657365
1671095327.674344
1671095327.696106
1671095327.716644
1671095327.738026
1671095327.755238
1671095327.775756
1671095327.797063
1671095327.816675
1671095327.835364
1671095327.857204
1671095327.880373
1671095327.894750
1671095327.915890
1671095327.937616
1671095327.958257
1671095327.976348
1671095328.001500
1671095328.016678
1671095328.037732
1671095328.056369
1671095328.077488
1671095328.102189
1671095328.114691
1671095328.135854
1671095328.156915
1671095328.177829
1671095328.194848
1671095328.216754
1671095328.239712
1671095328.257264
1671095328.281084
1671095328.295782
1671095328.316687
1671095328.339800
1671095328.355445
1671095328.377242
1671095328.397815
1671095328.420953
1671095328.437565
1671095328.456312
1671095328.477651
1671095328.494622
1671095328.515758
1671095328.537405
1671095328.557835
1671095328.579866
1671095328.596520
1671095328.617102
1671095328.637578
1671095328.656168
1671095328.677790
1671095328.698406
1671095328.714956
1671095328.736248
1671095328.757379
1671095328.774637
1671095328.796695
1671095328.815142
1671095328.837105
1671095328.857174
1671095328.883696
1671095328.895590
1671095328.919230
1671095328.938655
1671095328.955291
1671095328.976827
1671095328.996290
1671095329.014880
1671095329.035935
1671095329.057241
1671095329.074660
1671095329.096184
1671095329.116721
1671095329.138427
1671095329.154597
1671095329.179007
1671095329.197591
1671095329.222496
1671095329.236739
1671095329.258024
1671095329.275192
1671095329.297231
1671095329.318390
1671095329.334808
1671095329.361395
1671095329.387837
1671095329.398088
1671095329.415229
1671095329.436841
1671095329.456970
1671095329.475686
1671095329.495991
1671095329.517072
1671095329.538256
1671095329.560780
1671095329.577159
1671095329.598482
1671095329.617725
1671095329.635128
1671095329.656866
1671095329.677452
1671095329.698136
1671095329.715831
1671095329.736844
1671095329.757915
1671095329.780042
1671095329.796249
1671095329.817669
1671095329.835691
1671095329.856420
1671095329.877833
1671095329.896184
1671095329.917000
1671095329.937343
1671095329.958039
1671095329.978326
1671095329.998618
1671095330.015334
1671095330.036919
1671095330.057674
1671095330.074665
1671095330.095787
1671095330.119362
1671095330.137769
1671095330.154741
1671095330.175875
1671095330.197157
1671095330.218424
1671095330.234936
1671095330.256421
1671095330.281914
1671095330.297549
1671095330.316084
1671095330.335782
1671095330.357169
1671095330.379780
1671095330.397861
1671095330.416010
1671095330.437322
1671095330.457449
1671095330.481762
1671095330.495923
1671095330.516911
1671095330.538142
1671095330.556239
1671095330.581735
1671095330.597631
1671095330.617009
1671095330.639982
1671095330.657714
1671095330.678008
1671095330.695295
1671095330.719727
1671095330.737555
1671095330.754797
1671095330.776097
1671095330.800415
1671095330.817673
1671095330.839821
1671095330.857471
1671095330.875261
1671095330.895916
1671095330.923283
1671095330.938089
1671095330.955322
1671095330.975796
1671095330.997270
1671095331.018265
1671095331.037395
1671095331.058584
1671095331.075660
1671095331.096893
1671095331.119948
1671095331.135941
1671095331.155767
1671095331.177086
1671095331.198820
1671095331.214936
1671095331.237701
1671095331.256841
1671095331.275255
1671095331.297850
1671095331.317864
1671095331.334940
1671095331.356420
1671095331.382250
1671095331.397248
1671095331.419985
1671095331.436547
1671095331.457393
1671095331.480599
1671095331.495701
1671095331.516859
1671095331.538703
1671095331.555195
1671095331.575879
1671095331.597511
1671095331.615113
1671095331.636323
1671095331.657782
1671095331.680663
1671095331.696867
1671095331.717840
1671095331.738174
1671095331.756655
1671095331.776046
1671095331.797315
1671095331.819821
1671095331.838322
1671095331.856141
1671095331.877248
1671095331.898377
1671095331.916031
1671095331.937196
1671095331.958643
1671095331.980954
1671095331.996922
1671095332.016897
1671095332.038131
1671095332.056828
1671095332.078727
1671095332.094874
1671095332.116153
1671095332.137427
1671095332.158504
1671095332.175185
1671095332.197262
1671095332.217766
1671095332.234861
1671095332.257525
1671095332.277781
1671095332.296170
1671095332.316144
1671095332.337770
1671095332.358450
1671095332.375210
1671095332.396832
1671095332.417427
1671095332.439104
1671095332.462846
1671095332.478291
1671095332.495415
1671095332.515904
1671095332.537703
1671095332.558531
1671095332.580910
1671095332.598663
1671095332.617127
1671095332.635790
1671095332.657233
1671095332.681007
1671095332.695684
1671095332.716973
1671095332.738036
1671095332.756105
1671095332.781715
1671095332.797131
1671095332.817118
1671095332.840042
1671095332.856387
1671095332.877699
1671095332.898706
1671095332.915347
1671095332.937393
1671095332.958090
1671095332.979234
1671095332.995517
1671095333.016800
1671095333.037861
1671095333.058348
1671095333.080860
1671095333.096023
1671095333.117394
1671095333.138596
1671095333.154862
1671095333.179971
1671095333.198035
1671095333.224854
1671095333.235137
1671095333.256262
1671095333.281596
1671095333.297344
1671095333.319137
1671095333.335304
1671095333.356562
1671095333.380276
1671095333.395403
1671095333.416294
1671095333.437391
1671095333.457505
1671095333.474985
1671095333.496998
1671095333.517032
1671095333.538202
1671095333.555160
1671095333.581851
1671095333.597649
1671095333.618457
1671095333.637995
1671095333.659877
1671095333.676385
1671095333.696313
1671095333.718408
1671095333.735012
1671095333.756181
1671095333.777433
1671095333.796588
1671095333.818792
1671095333.835250
1671095333.856801
1671095333.877611
1671095333.899186
1671095333.915213
1671095333.937312
1671095333.957736
1671095333.980347
1671095333.997886
1671095334.019214
1671095334.038622
1671095334.057821
1671095334.082689
1671095334.098031
1671095334.115058
1671095334.136173
1671095334.157716
1671095334.187731
1671095334.196072
1671095334.219471
1671095334.237351
1671095334.257710
1671095334.281748
1671095334.297969
1671095334.315183
1671095334.336608
1671095334.358065
1671095334.378919
1671095334.397907
1671095334.420806
1671095334.438230
1671095334.457509
1671095334.482484
1671095334.498513
1671095334.515482
1671095334.536917
1671095334.557921
1671095334.576323
1671095334.603699
1671095334.616604
1671095334.638317
1671095334.656993
1671095334.678463
1671095334.695878
1671095334.717033
1671095334.737349
1671095334.758201
1671095334.775182
1671095334.796310
1671095334.817269
1671095334.836644
1671095334.857984
1671095334.875186
1671095334.896217
1671095334.917186
1671095334.938474
1671095334.955863
1671095334.977068
1671095334.997534
1671095335.017464
1671095335.039319
1671095335.056971
1671095335.078019
1671095335.095937
1671095335.115900
1671095335.138033
1671095335.157961
1671095335.175123
1671095335.196707
1671095335.217468
1671095335.238399
1671095335.257888
1671095335.276818
1671095335.300375
1671095335.317487
1671095335.338198
1671095335.355858
1671095335.376227
1671095335.397389
1671095335.417571
1671095335.438242
1671095335.457138
1671095335.477469
1671095335.500234
1671095335.515547
1671095335.537016
1671095335.558488
1671095335.575235
1671095335.596590
1671095335.617923
1671095335.637163
1671095335.659313
1671095335.675378
1671095335.696448
1671095335.717790
1671095335.735291
1671095335.756261
1671095335.777313
1671095335.799409
1671095335.818039
1671095335.837396
1671095335.858382
1671095335.875179
1671095335.898143
1671095335.918156
1671095335.938591
1671095335.955730
1671095335.977308
1671095335.997389
1671095336.018507
1671095336.037361
1671095336.058675
1671095336.082800
1671095336.097132
1671095336.117682
1671095336.139091
1671095336.155999
1671095336.183975
1671095336.200676
1671095336.217267
1671095336.238981
1671095336.259103
1671095336.275314
1671095336.300009
1671095336.317452
1671095336.335121
1671095336.356492
1671095336.377498
1671095336.399335
1671095336.421473
1671095336.437266
1671095336.458186
1671095336.475369
1671095336.497134
1671095336.520489
1671095336.538571
1671095336.556027
1671095336.576912
1671095336.598257
1671095336.620628
1671095336.638313
1671095336.657263
1671095336.679678
1671095336.698379
1671095336.720022
1671095336.737087
1671095336.758322
1671095336.783697
1671095336.795666
1671095336.820584
1671095336.836200
1671095336.858594
1671095336.878592
1671095336.896399
1671095336.917764
1671095336.938686
1671095336.955367
1671095336.978136
1671095336.998268
1671095337.019220
1671095337.038448
1671095337.058716
1671095337.075711
1671095337.097121
1671095337.118539
1671095337.136281
1671095337.156599
1671095337.178412
1671095337.198745
1671095337.216150
1671095337.237183
1671095337.258214
1671095337.279735
1671095337.297360
1671095337.321287
1671095337.338268
1671095337.357042
1671095337.375429
1671095337.396532
1671095337.418020
1671095337.435348
1671095337.456968
1671095337.477611
1671095337.504174
1671095337.515730
1671095337.537035
1671095337.558151
1671095337.579108
1671095337.600564
1671095337.615775
1671095337.637158
1671095337.658266
1671095337.679258
1671095337.697272
1671095337.718561
1671095337.735989
1671095337.757175
1671095337.778090
1671095337.800015
1671095337.815788
1671095337.837061
1671095337.858468
1671095337.877783
1671095337.904174
1671095337.919989
1671095337.937049
1671095337.958183
1671095337.990398
1671095337.995893
1671095338.019912
1671095338.038296
1671095338.056495
1671095338.077756
1671095338.099342
1671095338.119983
1671095338.139972
1671095338.156370
1671095338.183798
1671095338.196295
1671095338.217598
1671095338.239057
1671095338.260037
1671095338.278598
1671095338.297975
1671095338.319885
1671095338.338103
1671095338.358567
1671095338.380222
1671095338.396724
1671095338.417848
1671095338.439049
1671095338.458141
1671095338.476510
1671095338.498399
1671095338.525845
1671095338.539780
1671095338.557608
1671095338.578573
1671095338.599693
1671095338.618424
1671095338.640079
1671095338.657783
1671095338.679160
1671095338.699503
1671095338.719773
1671095338.738967
1671095338.759066
1671095338.777599
1671095338.797965
1671095338.818586
1671095338.839138
1671095338.857669
1671095338.883935
1671095338.896193
1671095338.922511
1671095338.938479
1671095338.964429
1671095338.976566
1671095338.998147
1671095339.021508
1671095339.037208
1671095339.059707
1671095339.075742
1671095339.096975
1671095339.121134
1671095339.138803
1671095339.155838
1671095339.176936
1671095339.198359
1671095339.216471
1671095339.237154
1671095339.258268
1671095339.277941
1671095339.295810
1671095339.316859
1671095339.338023
1671095339.359164
1671095339.377465
1671095339.397486
1671095339.418351
1671095339.437374
1671095339.458799
1671095339.475832
1671095339.496712
1671095339.517989
1671095339.539402
1671095339.556163
1671095339.577862
1671095339.597854
1671095339.621443
1671095339.637435
1671095339.657528
1671095339.675521
1671095339.697026
1671095339.722117
1671095339.738556
1671095339.763846
1671095339.783035
1671095339.797543
1671095339.820977
1671095339.836845
1671095339.858249
1671095339.876978
1671095339.896526
1671095339.917723
1671095339.938792
1671095339.956419
1671095339.977536
1671095339.997881
1671095340.018178
1671095340.036438
1671095340.058094
1671095340.078586
1671095340.095392
1671095340.116785
1671095340.137702
1671095340.159386
1671095340.176296
1671095340.196508
1671095340.217856
1671095340.239126
1671095340.258265
1671095340.278981
1671095340.295924
1671095340.317140
1671095340.338360
1671095340.356750
1671095340.377392
1671095340.397827
1671095340.416035
1671095340.437985
1671095340.459044
1671095340.476912
1671095340.496998
1671095340.518164
1671095340.535557
1671095340.556881
1671095340.578676
1671095340.597758
1671095340.619048
1671095340.637100
1671095340.657497
1671095340.678769
1671095340.700189
1671095340.716013
1671095340.738743
1671095340.759197
1671095340.775900
1671095340.798472
1671095340.815964
1671095340.837864
1671095340.858492
1671095340.884251
1671095340.896246
1671095340.918153
1671095340.943182
1671095340.956665
1671095340.977739
1671095340.997601
1671095341.019021
1671095341.035953
1671095341.057474
1671095341.078541
1671095341.099660
1671095341.116147
1671095341.137043
1671095341.158696
1671095341.176684
1671095341.196643
1671095341.218035
1671095341.237836
1671095341.258734
1671095341.285805
1671095341.295896
1671095341.317222
1671095341.338453
1671095341.356315
1671095341.380649
1671095341.397787
1671095341.423699
1671095341.437645
1671095341.458520
1671095341.481306
1671095341.497230
1671095341.521396
1671095341.539791
1671095341.557412
1671095341.577764
1671095341.597569
1671095341.619529
1671095341.636863
1671095341.657467
1671095341.678860
1671095341.695956
1671095341.716630
1671095341.738199
1671095341.758971
1671095341.775959
1671095341.797695
1671095341.821474
1671095341.838036
1671095341.859129
1671095341.881488
1671095341.897423
1671095341.918695
1671095341.936302
1671095341.957090
1671095341.977976
1671095342.005519
1671095342.015942
1671095342.038280
1671095342.059700
1671095342.076822
1671095342.097777
1671095342.121708
1671095342.135899
1671095342.158794
1671095342.178558
1671095342.195872
1671095342.217708
1671095342.238796
1671095342.258126
1671095342.276959
1671095342.299053
1671095342.321236
1671095342.339869
1671095342.356539
1671095342.377904
1671095342.397862
1671095342.421681
1671095342.437150
1671095342.464550
1671095342.475573
1671095342.496968
1671095342.521434
1671095342.536288
1671095342.558007
1671095342.583823
1671095342.595901
1671095342.621615
1671095342.643821
1671095342.660026
1671095342.681609
1671095342.696993
1671095342.718082
1671095342.739060
1671095342.756272
1671095342.777188
1671095342.801351
1671095342.825575
1671095342.837742
1671095342.859010
1671095342.877169
1671095342.898133
1671095342.918012
1671095342.938999
1671095342.956880
1671095342.977642
1671095342.997978
1671095343.019194
1671095343.038528
1671095343.058216
1671095343.077324
1671095343.097575
1671095343.119323
1671095343.140625
1671095343.156317
1671095343.177698
1671095343.199080
1671095343.217225
1671095343.238765
1671095343.258277
1671095343.284089
1671095343.297587
1671095343.318624
1671095343.338533
1671095343.358423
1671095343.378883
1671095343.400953
1671095343.418282
1671095343.436809
1671095343.458904
1671095343.480284
1671095343.499849
1671095343.519545
1671095343.538916
1671095343.556572
1671095343.582138
1671095343.598611
1671095343.618165
1671095343.639385
1671095343.659207
1671095343.679427
1671095343.696384
1671095343.717685
1671095343.738589
1671095343.760306
1671095343.777004
1671095343.800858
1671095343.820234
1671095343.839844
1671095343.858529
1671095343.879018
1671095343.899565
1671095343.916519
1671095343.938023
1671095343.958866
1671095343.976858
1671095343.999202
1671095344.018569
1671095344.040018
1671095344.057871
1671095344.079572
1671095344.095870
1671095344.116741
1671095344.138355
1671095344.159332
1671095344.175936
1671095344.198074
1671095344.218439
1671095344.245769
1671095344.258276
1671095344.277417
1671095344.301634
1671095344.317183
1671095344.338696
1671095344.359155
1671095344.376176
1671095344.397609
1671095344.421615
1671095344.437229
1671095344.458536
1671095344.480069
1671095344.496649
1671095344.518093
1671095344.538514
1671095344.559174
1671095344.576308
1671095344.597962
1671095344.621543
1671095344.643843
1671095344.659596
1671095344.677052
1671095344.697964
1671095344.723355
1671095344.740557
1671095344.756224
1671095344.777709
1671095344.799248
1671095344.822004
1671095344.838721
1671095344.859454
1671095344.877478
1671095344.897606
1671095344.922022
1671095344.939667
1671095344.957731
1671095344.978799
1671095344.998712
1671095345.021283
1671095345.036404
1671095345.058246
1671095345.079173
1671095345.099051
1671095345.121903
1671095345.139987
1671095345.159968
1671095345.176796
1671095345.196962
1671095345.222894
1671095345.240723
1671095345.258221
1671095345.277167
1671095345.298675
1671095345.321739
1671095345.336318
1671095345.357841
1671095345.378661
1671095345.400038
1671095345.416962
1671095345.439169
1671095345.457797
1671095345.484206
1671095345.499535
1671095345.516328
1671095345.537123
1671095345.558293
1671095345.586135
1671095345.600130
1671095345.616585
1671095345.638474
1671095345.659100
1671095345.677341
1671095345.696998
1671095345.718226
1671095345.739643
1671095345.756901
1671095345.777226
1671095345.798702
1671095345.819462
1671095345.836577
1671095345.858138
1671095345.878476
1671095345.899595
1671095345.916634
1671095345.938091
1671095345.959521
1671095345.977883
1671095345.998107
1671095346.016742
1671095346.037583
1671095346.059453
1671095346.078063
1671095346.096950
1671095346.118061
1671095346.139045
1671095346.156509
1671095346.177041
1671095346.198370
1671095346.220885
1671095346.238675
1671095346.258667
1671095346.276871
1671095346.297392
1671095346.318217
1671095346.339553
1671095346.357507
1671095346.378529
1671095346.400017
1671095346.416867
1671095346.438668
1671095346.458442
1671095346.479053
1671095346.499562
1671095346.516239
1671095346.538144
1671095346.558303
1671095346.579434
1671095346.598457
1671095346.616643
1671095346.637523
1671095346.658464
1671095346.677086
1671095346.697308
1671095346.718738
1671095346.739916
1671095346.756430
1671095346.777914
1671095346.798441
1671095346.818258
1671095346.839541
1671095346.858386
1671095346.879334
1671095346.900359
1671095346.916473
1671095346.938013
1671095346.958452
1671095346.981551
1671095346.998185
1671095347.016891
1671095347.039401
1671095347.057955
1671095347.078759
1671095347.096264
1671095347.117352
1671095347.139313
1671095347.159193
1671095347.176512
1671095347.198089
1671095347.221259
1671095347.239477
1671095347.258812
1671095347.284264
1671095347.296443
1671095347.318003
1671095347.341228
1671095347.356380
1671095347.383825
1671095347.398477
1671095347.422288
1671095347.439240
1671095347.459368
1671095347.479116
1671095347.499816
1671095347.522085
1671095347.540281
1671095347.565117
1671095347.580338
1671095347.597139
1671095347.624537
1671095347.639138
1671095347.660483
1671095347.677150
1671095347.697323
1671095347.718349
1671095347.739740
1671095347.756469
1671095347.779922
1671095347.798343
1671095347.819315
1671095347.838368
1671095347.857674
1671095347.879401
1671095347.899954
1671095347.916424
1671095347.938350
1671095347.958207
1671095347.979212
1671095347.997603
1671095348.018431
1671095348.039726
1671095348.060115
1671095348.076377
1671095348.097555
1671095348.118515
1671095348.139550
1671095348.156487
1671095348.177916
1671095348.198924
1671095348.216500
1671095348.239424
1671095348.259914
1671095348.279658
1671095348.297521
1671095348.318449
1671095348.337770
1671095348.356594
1671095348.378508
1671095348.400067
1671095348.420419
1671095348.436665
1671095348.458635
1671095348.480272
1671095348.496517
1671095348.520483
1671095348.538659
1671095348.560248
1671095348.576939
1671095348.598543
1671095348.618672
1671095348.639963
1671095348.659209
1671095348.679709
1671095348.700946
1671095348.716722
1671095348.738469
1671095348.759402
1671095348.777290
1671095348.797714
1671095348.819007
1671095348.836395
1671095348.858955
1671095348.880229
1671095348.897256
1671095348.918613
1671095348.940140
1671095348.957356
1671095348.979671
1671095348.999523
1671095349.016479
1671095349.038021
1671095349.059176
1671095349.076273
1671095349.103426
1671095349.119113
1671095349.137304
1671095349.157357
1671095349.178609
1671095349.199929
1671095349.216996
1671095349.239035
1671095349.259238
1671095349.276449
1671095349.298076
1671095349.320451
1671095349.338399
1671095349.360176
1671095349.377672
1671095349.398615
1671095349.419278
1671095349.440439
1671095349.458149
1671095349.478996
1671095349.499527
1671095349.518236
1671095349.537988
1671095349.558532
1671095349.580384
1671095349.596666
1671095349.618400
1671095349.637657
1671095349.659377
1671095349.680385
1671095349.703279
1671095349.717643
1671095349.738841
1671095349.760533
1671095349.777428
1671095349.800197
1671095349.820569
1671095349.844161
1671095349.858151
1671095349.879153
1671095349.899707
1671095349.920244
1671095349.937706
1671095349.959647
1671095349.980683
1671095349.996613
1671095350.018649
1671095350.037694
1671095350.059096
1671095350.076319
1671095350.097844
1671095350.119949
1671095350.139990
1671095350.156716
1671095350.177402
1671095350.198729
1671095350.220341
1671095350.236472
1671095350.257490
1671095350.284142
1671095350.304244
1671095350.320860
1671095350.340109
1671095350.357869
1671095350.379905
1671095350.402941
1671095350.416774
1671095350.438674
1671095350.459428
1671095350.476891
1671095350.497595
1671095350.518656
1671095350.540034
1671095350.556495
1671095350.577542
1671095350.599024
1671095350.619938
1671095350.638825
1671095350.660674
1671095350.678757
1671095350.698956
1671095350.722663
1671095350.740358
1671095350.757333
1671095350.778251
1671095350.799947
1671095350.819917
1671095350.838947
1671095350.859512
1671095350.877160
1671095350.897845
1671095350.918445
1671095350.939516
1671095350.957539
1671095350.981129
1671095351.001436
1671095351.019729
1671095351.038671
1671095351.060406
1671095351.077582
1671095351.101089
1671095351.118578
1671095351.139837
1671095351.157184
1671095351.177984
1671095351.199470
1671095351.216843
1671095351.238178
1671095351.259317
1671095351.277338
1671095351.299798
1671095351.321184
1671095351.339460
1671095351.357288
1671095351.378071
1671095351.398850
1671095351.421077
1671095351.438328
1671095351.462736
1671095351.478416
1671095351.499011
1671095351.525817
1671095351.537358
1671095351.557926
1671095351.579850
1671095351.600350
1671095351.616786
1671095351.639034
1671095351.658373
1671095351.678415
1671095351.699802
1671095351.721826
1671095351.739007
1671095351.759135
1671095351.780199
1671095351.798329
1671095351.819159
1671095351.836869
1671095351.857950
1671095351.879521
1671095351.897342
1671095351.917501
1671095351.940171
1671095351.959964
1671095351.978599
1671095351.998597
1671095352.019542
1671095352.036906
1671095352.058504
1671095352.079169
1671095352.096721
1671095352.120003
1671095352.138736
1671095352.160172
1671095352.176743
1671095352.197989
1671095352.219322
1671095352.238636
1671095352.260292
1671095352.277112
1671095352.297980
1671095352.318780
1671095352.340256
1671095352.357371
1671095352.379866
1671095352.400380
1671095352.422469
1671095352.437494
1671095352.459312
1671095352.483103
1671095352.501795
1671095352.517295
1671095352.538398
1671095352.559120
1671095352.580921
1671095352.598986
1671095352.618874
1671095352.638077
1671095352.658948
1671095352.680109
1671095352.697317
1671095352.718194
1671095352.743831
1671095352.760062
1671095352.777152
1671095352.798830
1671095352.824361
1671095352.839523
1671095352.858664
1671095352.879475
1671095352.903323
1671095352.922756
1671095352.937985
1671095352.959170
1671095352.982006
1671095352.998383
1671095353.018957
1671095353.037745
1671095353.068119
1671095353.076818
1671095353.097707
1671095353.118958
1671095353.140054
1671095353.157817
1671095353.177831
1671095353.198879
1671095353.227872
1671095353.237483
1671095353.259317
1671095353.278575
1671095353.297792
1671095353.323970
1671095353.340109
1671095353.367101
1671095353.377891
1671095353.399192
1671095353.418882
1671095353.438183
1671095353.460118
1671095353.480101
1671095353.499943
1671095353.519080
1671095353.543909
1671095353.556993
1671095353.578846
1671095353.599565
1671095353.620252
1671095353.638521
1671095353.658551
1671095353.677814
1671095353.699067
1671095353.721018
1671095353.737854
1671095353.758930
1671095353.780356
1671095353.798760
1671095353.822646
1671095353.837069
1671095353.859431
1671095353.879272
1671095353.900099
1671095353.918703
1671095353.938808
1671095353.959424
1671095353.980677
1671095353.998595
1671095354.020370
1671095354.037402
1671095354.058928
1671095354.079919
1671095354.097719
1671095354.118202
1671095354.138882
1671095354.160383
1671095354.182439
1671095354.197841
1671095354.219013
1671095354.239989
1671095354.259581
1671095354.283947
1671095354.303838
1671095354.316859
1671095354.338627
1671095354.359261
1671095354.380693
1671095354.398857
1671095354.419030
1671095354.440248
1671095354.458882
1671095354.484032
1671095354.500043
1671095354.517427
1671095354.539068
1671095354.560051
1671095354.583819
1671095354.597179
1671095354.619225
1671095354.638677
1671095354.660311
1671095354.678073
1671095354.700048
1671095354.719356
1671095354.740887
1671095354.757292
1671095354.778389
1671095354.807012
1671095354.817981
1671095354.839108
1671095354.860452
1671095354.877871
1671095354.899032
1671095354.920316
1671095354.938004
1671095354.958243
1671095354.984717
1671095355.006883
1671095355.017289
1671095355.039022
1671095355.060047
1671095355.079467
1671095355.096842
1671095355.118007
1671095355.140301
1671095355.160187
1671095355.177428
1671095355.198751
1671095355.219800
1671095355.237581
1671095355.259530
1671095355.279570
1671095355.301703
1671095355.317927
1671095355.340529
1671095355.357486
1671095355.379141
1671095355.399029
1671095355.419353
1671095355.440146
1671095355.459446
1671095355.480087
1671095355.503797
1671095355.517600
1671095355.539272
1671095355.560448
1671095355.582993
1671095355.598608
1671095355.619095
1671095355.638868
1671095355.660057
1671095355.687900
1671095355.698253
1671095355.718997
1671095355.740309
1671095355.758161
1671095355.778287
1671095355.799238
1671095355.819686
1671095355.838734
1671095355.860430
1671095355.885865
1671095355.897144
1671095355.918319
1671095355.940241
1671095355.960290
1671095355.983204
1671095356.006863
1671095356.018799
1671095356.038295
1671095356.059594
1671095356.082982
1671095356.097771
1671095356.118515
1671095356.139911
1671095356.160304
1671095356.178103
1671095356.200067
1671095356.220034
1671095356.236869
1671095356.258118
1671095356.279476
1671095356.300475
1671095356.323297
1671095356.337528
1671095356.358847
1671095356.379730
1671095356.398525
1671095356.424113
1671095356.439245
1671095356.460562
1671095356.479969
1671095356.501065
1671095356.522729
1671095356.537201
1671095356.559755
1671095356.584221
1671095356.600149
1671095356.622711
1671095356.639681
1671095356.658230
1671095356.679587
1671095356.700395
1671095356.723430
1671095356.738163
1671095356.760108
1671095356.781836
1671095356.797320
1671095356.819346
1671095356.839976
1671095356.861032
1671095356.882549
1671095356.898398
1671095356.919362
1671095356.940628
1671095356.957207
1671095356.978961
1671095356.999592
1671095357.026542
1671095357.039093
1671095357.061314
1671095357.077733
1671095357.099209
1671095357.120899
1671095357.139926
1671095357.158483
1671095357.179085
1671095357.208175
1671095357.217302
1671095357.239199
1671095357.260708
1671095357.277526
1671095357.300646
1671095357.323207
1671095357.340266
1671095357.357623
1671095357.379882
1671095357.400491
1671095357.423369
1671095357.440367
1671095357.459727
1671095357.479785
1671095357.498601
1671095357.525485
1671095357.537371
1671095357.558172
1671095357.580325
1671095357.599735
1671095357.619496
1671095357.640263
1671095357.658419
1671095357.680227
1671095357.701985
1671095357.717314
1671095357.738915
1671095357.760927
1671095357.783232
1671095357.801908
1671095357.820179
1671095357.838602
1671095357.860657
1671095357.877273
1671095357.899862
1671095357.919300
1671095357.940774
1671095357.961379
1671095357.978680
1671095358.000949
1671095358.020624
1671095358.039229
1671095358.060244
1671095358.077548
1671095358.100117
1671095358.119476
1671095358.141297
1671095358.157639
1671095358.179518
1671095358.199824
1671095358.224058
1671095358.239138
1671095358.260624
1671095358.277808
1671095358.299237
1671095358.322455
1671095358.337256
1671095358.358421
1671095358.379416
1671095358.400619
1671095358.419897
1671095358.439116
1671095358.460615
1671095358.481884
1671095358.499681
1671095358.520283
1671095358.538045
1671095358.558264
1671095358.579368
1671095358.601403
1671095358.617220
1671095358.640149
1671095358.660622
1671095358.678006
1671095358.700311
1671095358.720350
1671095358.738286
1671095358.758574
1671095358.779440
1671095358.799177
1671095358.817646
1671095358.839504
1671095358.860025
1671095358.877432
1671095358.901180
1671095358.920337
1671095358.940570
1671095358.957680
1671095358.983746
1671095359.005461
1671095359.019986
1671095359.037671
1671095359.060359
1671095359.079964
1671095359.098752
1671095359.119975
1671095359.139223
1671095359.160578
1671095359.179780
1671095359.198557
1671095359.219657
1671095359.240360
1671095359.261492
1671095359.278924
1671095359.299413
1671095359.320829
1671095359.337358
1671095359.359166
1671095359.380070
1671095359.400424
1671095359.417539
1671095359.438829
1671095359.459777
1671095359.479759
1671095359.503747
1671095359.520432
1671095359.541297
1671095359.560378
1671095359.580742
1671095359.597977
1671095359.618835
1671095359.640298
1671095359.658131
1671095359.680092
1671095359.701980
1671095359.717985
1671095359.739676
1671095359.760645
1671095359.777826
1671095359.799725
1671095359.820676
1671095359.839056
1671095359.859781
1671095359.879436
1671095359.900993
1671095359.922947
1671095359.939716
1671095359.957233
1671095359.978834
1671095360.001169
1671095360.021360
1671095360.039197
1671095360.059509
1671095360.082033
1671095360.098993
1671095360.117592
1671095360.139267
1671095360.162075
1671095360.180611
1671095360.198768
1671095360.220018
1671095360.237384
1671095360.267932
1671095360.279804
1671095360.301023
1671095360.320802
1671095360.337533
1671095360.360614
1671095360.380768
1671095360.398235
1671095360.427963
1671095360.439880
1671095360.460833
1671095360.480338
1671095360.501030
1671095360.517769
1671095360.538759
1671095360.559991
1671095360.577351
1671095360.600205
1671095360.622922
1671095360.637701
1671095360.665018
1671095360.681966
1671095360.700408
1671095360.726784
1671095360.739053
1671095360.766102
1671095360.777486
1671095360.799202
1671095360.822731
1671095360.839281
1671095360.860907
1671095360.882953
1671095360.899998
1671095360.921909
1671095360.938356
1671095360.958568
1671095360.979595
1671095361.000859
1671095361.017974
1671095361.039589
1671095361.065482
1671095361.080546
1671095361.097489
1671095361.118442
1671095361.140042
1671095361.164392
1671095361.177663
1671095361.198571
1671095361.221188
1671095361.241917
1671095361.259918
1671095361.279004
1671095361.299547
1671095361.319360
1671095361.340892
1671095361.357911
1671095361.378391
1671095361.400092
1671095361.420622
1671095361.440076
1671095361.460597
1671095361.477755
1671095361.499536
1671095361.519773
1671095361.541648
1671095361.558197
1671095361.578817
1671095361.599661
1671095361.620629
1671095361.639751
1671095361.661366
1671095361.678723
1671095361.700247
1671095361.720056
1671095361.741063
1671095361.758771
1671095361.785320
1671095361.799948
1671095361.820963
1671095361.839881
1671095361.860151
1671095361.880843
1671095361.902292
1671095361.920650
1671095361.937861
1671095361.958951
1671095361.983920
1671095361.999491
1671095362.020266
1671095362.038234
1671095362.059597
1671095362.081296
1671095362.097939
1671095362.119721
1671095362.139957
1671095362.160664
1671095362.178698
1671095362.198624
1671095362.219898
1671095362.241342
1671095362.259840
1671095362.278805
1671095362.300022
1671095362.320864
1671095362.337880
1671095362.359137
1671095362.381532
1671095362.399825
1671095362.418081
1671095362.439788
1671095362.460150
1671095362.481830
1671095362.498099
1671095362.519499
1671095362.540687
1671095362.557923
1671095362.581041
1671095362.600675
1671095362.619854
1671095362.639564
1671095362.661248
1671095362.683944
1671095362.698570
1671095362.719856
1671095362.740768
1671095362.758387
1671095362.779018
1671095362.803184
1671095362.822018
1671095362.838949
1671095362.860208
1671095362.877961
1671095362.899265
1671095362.922651
1671095362.941972
1671095362.958583
1671095362.979052
1671095362.999845
1671095363.021049
1671095363.039709
1671095363.066450
1671095363.077861
1671095363.098997
1671095363.121656
1671095363.137722
1671095363.164725
1671095363.180026
1671095363.201026
1671095363.217986
1671095363.239656
1671095363.266174
1671095363.279750
1671095363.302367
1671095363.321943
1671095363.339784
1671095363.361064
1671095363.378689
1671095363.398814
1671095363.420004
1671095363.439433
1671095363.461256
1671095363.484955
1671095363.500772
1671095363.520838
1671095363.537948
1671095363.559149
1671095363.581659
1671095363.601840
1671095363.618153
1671095363.639904
1671095363.659988
1671095363.680762
1671095363.703666
1671095363.718180
1671095363.739146
1671095363.760081
1671095363.781137
1671095363.799812
1671095363.818248
1671095363.839350
1671095363.860535
1671095363.877715
1671095363.899868
1671095363.922153
1671095363.940706
1671095363.958525
1671095363.979959
1671095364.011839
1671095364.021932
1671095364.040794
1671095364.059589
1671095364.080618
1671095364.098936
1671095364.119447
1671095364.139932
1671095364.161728
1671095364.178149
1671095364.199958
1671095364.220064
1671095364.241031
1671095364.260092
1671095364.278840
1671095364.301037
1671095364.320738
1671095364.339070
1671095364.360046
1671095364.381020
1671095364.400462
1671095364.420168
1671095364.441190
1671095364.460167
1671095364.480724
1671095364.501016
1671095364.522461
1671095364.539761
1671095364.561150
1671095364.578946
1671095364.600671
1671095364.622193
1671095364.638967
1671095364.661542
1671095364.678493
1671095364.698941
1671095364.719856
1671095364.741288
1671095364.758134
1671095364.779737
1671095364.803016
1671095364.819878
1671095364.838958
1671095364.860615
1671095364.877722
1671095364.903370
1671095364.920751
1671095364.940825
1671095364.961867
1671095364.979115
1671095365.000057
1671095365.022195
1671095365.039945
1671095365.061089
1671095365.078134
1671095365.099066
1671095365.120603
1671095365.138640
1671095365.159124
1671095365.180045
1671095365.202028
1671095365.219655
1671095365.239695
1671095365.260353
1671095365.279904
1671095365.301862
1671095365.321208
1671095365.338266
1671095365.359916
1671095365.380984
1671095365.400383
1671095365.419857
1671095365.440015
1671095365.461020
1671095365.479050
1671095365.499872
1671095365.524765
1671095365.543880
1671095365.564448
1671095365.579470
1671095365.600245
1671095365.621261
1671095365.639979
1671095365.660931
1671095365.678911
1671095365.700048
1671095365.721793
1671095365.738359
1671095365.759063
1671095365.788222
1671095365.800172
1671095365.818275
1671095365.843249
1671095365.861165
1671095365.877877
1671095365.899919
1671095365.919988
1671095365.941660
1671095365.958148
1671095365.980193
1671095365.999746
1671095366.022098
1671095366.039214
1671095366.060614
1671095366.078011
1671095366.099362
1671095366.122256
1671095366.140952
1671095366.158362
1671095366.180928
1671095366.200613
1671095366.222002
1671095366.239705
1671095366.260480
1671095366.280157
1671095366.301155
1671095366.322057
1671095366.338339
1671095366.359998
1671095366.381125
1671095366.401075
1671095366.422351
1671095366.441013
1671095366.459451
1671095366.481414
1671095366.500164
1671095366.522096
1671095366.544065
1671095366.561486
1671095366.579888
1671095366.600190
1671095366.620024
1671095366.639832
1671095366.660524
1671095366.681332
1671095366.698265
1671095366.719413
1671095366.743719
1671095366.758841
1671095366.788072
1671095366.801734
1671095366.822551
1671095366.843873
1671095366.861075
1671095366.878637
1671095366.899909
1671095366.929605
1671095366.941431
1671095366.958081
1671095366.980280
1671095367.001235
1671095367.020068
1671095367.039981
1671095367.062293
1671095367.078161
1671095367.100058
1671095367.120793
1671095367.138744
1671095367.159292
1671095367.180397
1671095367.202166
1671095367.221087
1671095367.239050
1671095367.260794
1671095367.279968
1671095367.300369
1671095367.319736
1671095367.339148
1671095367.360360
1671095367.388000
1671095367.398976
1671095367.422287
1671095367.439848
1671095367.461378
1671095367.478625
1671095367.500441
1671095367.522221
1671095367.538481
1671095367.559122
1671095367.580876
1671095367.601074
1671095367.627695
1671095367.640102
1671095367.661182
1671095367.678413
1671095367.700973
1671095367.721239
1671095367.738517
1671095367.758955
1671095367.785989
1671095367.801087
1671095367.818156
1671095367.839675
1671095367.861461
1671095367.879146
1671095367.899637
1671095367.920363
1671095367.941559
1671095367.958672
1671095367.979746
1671095368.000181
1671095368.018563
1671095368.040437
1671095368.060937
1671095368.077750
1671095368.099938
1671095368.120073
1671095368.141789
1671095368.158776
1671095368.178959
1671095368.200336
1671095368.221315
1671095368.239800
1671095368.261268
1671095368.284200
1671095368.300017
1671095368.322017
1671095368.339934
1671095368.359720
1671095368.380716
1671095368.401265
1671095368.422380
1671095368.439728
1671095368.460752
1671095368.478506
1671095368.502025
1671095368.519973
1671095368.541109
1671095368.559399
1671095368.582185
1671095368.602737
1671095368.622366
1671095368.640887
1671095368.661482
1671095368.681070
1671095368.704167
1671095368.718371
1671095368.739816
1671095368.761165
1671095368.786580
1671095368.798268
1671095368.823481
1671095368.839291
1671095368.861473
1671095368.878719
1671095368.902579
1671095368.922652
1671095368.941439
1671095368.959446
1671095368.979698
1671095369.000138
1671095369.020152
1671095369.039336
1671095369.060739
1671095369.078847
1671095369.099035
1671095369.123258
1671095369.141131
1671095369.161730
1671095369.179035
1671095369.200510
1671095369.221230
1671095369.238938
1671095369.260394
1671095369.279854
1671095369.298827
1671095369.321739
1671095369.341005
1671095369.357982
1671095369.388689
1671095369.400572
1671095369.422265
1671095369.440038
1671095369.461087
1671095369.478096
1671095369.499309
1671095369.522434
1671095369.541550
1671095369.558462
1671095369.580807
1671095369.600747
1671095369.622553
1671095369.639973
1671095369.661381
1671095369.679120
1671095369.702572
1671095369.721895
1671095369.741782
1671095369.764791
1671095369.780267
1671095369.804235
1671095369.821514
1671095369.840092
1671095369.860717
1671095369.879492
1671095369.900187
1671095369.922460
1671095369.939147
1671095369.959848
1671095369.980920
1671095370.000714
1671095370.022534
1671095370.039838
1671095370.061176
1671095370.078478
1671095370.101985
1671095370.120111
1671095370.141435
1671095370.160765
1671095370.179125
1671095370.200508
1671095370.221407
1671095370.240588
1671095370.260128
1671095370.279084
1671095370.308128
1671095370.321312
1671095370.339441
1671095370.359751
1671095370.381167
1671095370.400452
1671095370.423165
1671095370.439359
1671095370.460772
1671095370.481801
1671095370.498914
1671095370.520174
1671095370.542021
1671095370.558722
1671095370.582721
1671095370.600640
1671095370.623677
1671095370.640010
1671095370.662468
1671095370.678591
1671095370.699807
1671095370.720951
1671095370.741955
1671095370.758632
1671095370.788034
1671095370.801323
1671095370.822287
1671095370.839787
1671095370.861513
1671095370.878898
1671095370.899655
1671095370.920905
1671095370.938397
1671095370.960040
1671095370.980940
1671095371.001816
1671095371.021911
1671095371.039882
1671095371.062020
1671095371.081806
1671095371.102388
1671095371.122499
1671095371.140812
1671095371.162820
