1671095306.838851
1671095306.861290
1671095306.893644
1671095306.912261
1671095306.935394
1671095306.938991
1671095306.979786
1671095306.988034
1671095307.017586
1671095307.034646
1671095307.051357
1671095307.061277
1671095307.095222
1671095307.117463
1671095307.135759
1671095307.149143
1671095307.161667
1671095307.192099
1671095307.220054
1671095307.226778
1671095307.243247
1671095307.261480
1671095307.295344
1671095307.317385
1671095307.330612
1671095307.338916
1671095307.361497
1671095307.392935
1671095307.417579
1671095307.424174
1671095307.447571
1671095307.461446
1671095307.495483
1671095307.513149
1671095307.524189
1671095307.553546
1671095307.572755
1671095307.588090
1671095307.611758
1671095307.621421
1671095307.655560
1671095307.661862
1671095307.687685
1671095307.712442
1671095307.721426
1671095307.743690
1671095307.763533
1671095307.787659
1671095307.814479
1671095307.830942
1671095307.838948
1671095307.861520
1671095307.893522
1671095307.914575
1671095307.924443
1671095307.939536
1671095307.974659
1671095307.987786
1671095308.017680
1671095308.024742
1671095308.038973
1671095308.072523
1671095308.091319
1671095308.117616
1671095308.130142
1671095308.148713
1671095308.173596
1671095308.187663
1671095308.219476
1671095308.232733
1671095308.239007
1671095308.280069
1671095308.287751
1671095308.317326
1671095308.333484
1671095308.340280
1671095308.361580
1671095308.394312
1671095308.411963
1671095308.434021
1671095308.444705
1671095308.461545
1671095308.491672
1671095308.512078
1671095308.523816
1671095308.546671
1671095308.561553
1671095308.594603
1671095308.616264
1671095308.631066
1671095308.652762
1671095308.672701
1671095308.687705
1671095308.711645
1671095308.721456
1671095308.756269
1671095308.768887
1671095308.788107
1671095308.818299
1671095308.830373
1671095308.855256
1671095308.861625
1671095308.887843
1671095308.918604
1671095308.924354
1671095308.939333
1671095308.971616
1671095308.987719
1671095309.013040
1671095309.024603
1671095309.039032
1671095309.070198
1671095309.075759
1671095309.114674
1671095309.136773
1671095309.139760
1671095309.173898
1671095309.187729
1671095309.198544
1671095309.230405
1671095309.249834
1671095309.277197
1671095309.290706
1671095309.311716
1671095309.335875
1671095309.339695
1671095309.361665
1671095309.390849
1671095309.412061
1671095309.419867
1671095309.439114
1671095309.461638
1671095309.489829
1671095309.512815
1671095309.535780
1671095309.544811
1671095309.577163
1671095309.593246
1671095309.611705
1671095309.620855
1671095309.649257
1671095309.662115
1671095309.693255
1671095309.711557
1671095309.720842
1671095309.755779
1671095309.762593
1671095309.787817
1671095309.814588
1671095309.837312
1671095309.854321
1671095309.879666
1671095309.887796
1671095309.913903
1671095309.940269
1671095309.956044
1671095309.971496
1671095309.987819
1671095310.014972
1671095310.025089
1671095310.039109
1671095310.078380
1671095310.087846
1671095310.117434
1671095310.135736
1671095310.139486
1671095310.173865
1671095310.191234
1671095310.211658
1671095310.228795
1671095310.239143
1671095310.275893
1671095310.295672
1671095310.311697
1671095310.332592
1671095310.339124
1671095310.361615
1671095310.395314
1671095310.411987
1671095310.433515
1671095310.443853
1671095310.461607
1671095310.492373
1671095310.511661
1671095310.536322
1671095310.540773
1671095310.561610
1671095310.594659
1671095310.611758
1671095310.635760
1671095310.650358
1671095310.662513
1671095310.696057
1671095310.718842
1671095310.723819
1671095310.747463
1671095310.783729
1671095310.798313
1671095310.817808
1671095310.831596
1671095310.849727
1671095310.871884
1671095310.896274
1671095310.912236
1671095310.927699
1671095310.955298
1671095310.971095
1671095310.991119
1671095311.013213
1671095311.025170
1671095311.039591
1671095311.071297
1671095311.091018
1671095311.113837
1671095311.127284
1671095311.150396
1671095311.171739
1671095311.193668
1671095311.215013
1671095311.237011
1671095311.239982
1671095311.273118
1671095311.290938
1671095311.312142
1671095311.331909
1671095311.336703
1671095311.375116
1671095311.391760
1671095311.412407
1671095311.433238
1671095311.439179
1671095311.480931
1671095311.493284
1671095311.511948
1671095311.535342
1671095311.542632
1671095311.572011
1671095311.594049
1671095311.611813
1671095311.621356
1671095311.650097
1671095311.662213
1671095311.693189
1671095311.717892
1671095311.722642
1671095311.747786
1671095311.755883
1671095311.794958
1671095311.812819
1671095311.822474
1671095311.841933
1671095311.861762
1671095311.891073
1671095311.912451
1671095311.922831
1671095311.956296
1671095311.973560
1671095311.991896
1671095312.012904
1671095312.025487
1671095312.054726
1671095312.061854
1671095312.090683
1671095312.111762
1671095312.116483
1671095312.156111
1671095312.179375
1671095312.190661
1671095312.215116
1671095312.221948
1671095312.239254
1671095312.273291
1671095312.288054
1671095312.315832
1671095312.330969
1671095312.339262
1671095312.375215
1671095312.391979
1671095312.412191
1671095312.429556
1671095312.450684
1671095312.475229
1671095312.491679
1671095312.511871
1671095312.532386
1671095312.539298
1671095312.561812
1671095312.593198
1671095312.616277
1671095312.627358
1671095312.655776
1671095312.662174
1671095312.690158
1671095312.711873
1671095312.736005
1671095312.742069
1671095312.774588
1671095312.794887
1671095312.817815
1671095312.831550
1671095312.843693
1671095312.873856
1671095312.895886
1671095312.918332
1671095312.927880
1671095312.945492
1671095312.973484
1671095312.994720
1671095313.017907
1671095313.025562
1671095313.054777
1671095313.061864
1671095313.091833
1671095313.111900
1671095313.122460
1671095313.155977
1671095313.162292
1671095313.193954
1671095313.214027
1671095313.221528
1671095313.239315
1671095313.272956
1671095313.293713
1671095313.314987
1671095313.331691
1671095313.340515
1671095313.368390
1671095313.388279
1671095313.416355
1671095313.425557
1671095313.455667
1671095313.473176
1671095313.493320
1671095313.515157
1671095313.528185
1671095313.540233
1671095313.575864
1671095313.586962
1671095313.611946
1671095313.628250
1671095313.654426
1671095313.675664
1671095313.688096
1671095313.696887
1671095313.731977
1671095313.746756
1671095313.778566
1671095313.792410
1671095313.818201
1671095313.835722
1671095313.845397
1671095313.861940
1671095313.896125
1671095313.918286
1671095313.934134
1671095313.945421
1671095313.962351
1671095313.991337
1671095314.017982
1671095314.034141
1671095314.045362
1671095314.078674
1671095314.093858
1671095314.112309
1671095314.142697
1671095314.153176
1671095314.172925
1671095314.195322
1671095314.212053
1671095314.222127
1671095314.239415
1671095314.262521
1671095314.288564
1671095314.311983
1671095314.332176
1671095314.353530
1671095314.361994
1671095314.395827
1671095314.412341
1671095314.422107
1671095314.454592
1671095314.464270
1671095314.493026
1671095314.511992
1671095314.524844
1671095314.539458
1671095314.573284
1671095314.587010
1671095314.615315
1671095314.624227
1671095314.639776
1671095314.674577
1671095314.688195
1671095314.712067
1671095314.726493
1671095314.739522
1671095314.779824
1671095314.791821
1671095314.816701
1671095314.831425
1671095314.851860
1671095314.873240
1671095314.888188
1671095314.922450
1671095314.935414
1671095314.939933
1671095314.962035
1671095315.007832
1671095315.012057
1671095315.034493
1671095315.039500
1671095315.080652
1671095315.094834
1671095315.112750
1671095315.135299
1671095315.149820
1671095315.162413
1671095315.193178
1671095315.222389
1671095315.230502
1671095315.243454
1671095315.262089
1671095315.294941
1671095315.312125
1671095315.336878
1671095315.345507
1671095315.374633
1671095315.396126
1671095315.412557
1671095315.426289
1671095315.447843
1671095315.462086
1671095315.494310
1671095315.515506
1671095315.525131
1671095315.549990
1671095315.562107
1671095315.595983
1671095315.612119
1671095315.625521
1671095315.653776
1671095315.662487
1671095315.688269
1671095315.713144
1671095315.725083
1671095315.756384
1671095315.762122
1671095315.794663
1671095315.822471
1671095315.831247
1671095315.855493
1671095315.863515
1671095315.891688
1671095315.915283
1671095315.925052
1671095315.940040
1671095315.974491
1671095315.992413
1671095316.015493
1671095316.028340
1671095316.039975
1671095316.076864
1671095316.088264
1671095316.118220
1671095316.131998
1671095316.151010
1671095316.173300
1671095316.188296
1671095316.212773
1671095316.236601
1671095316.254770
1671095316.280097
1671095316.293648
1671095316.312546
1671095316.335959
1671095316.341749
1671095316.381207
1671095316.398268
1671095316.412750
1671095316.434634
1671095316.455966
1671095316.462164
1671095316.493257
1671095316.515424
1671095316.526392
1671095316.547336
1671095316.562178
1671095316.595541
1671095316.612290
1671095316.624927
1671095316.650144
1671095316.662574
1671095316.694251
1671095316.714927
1671095316.724904
1671095316.748131
1671095316.762273
1671095316.795011
1671095316.820077
1671095316.831717
1671095316.852000
1671095316.874542
1671095316.888434
1671095316.912788
1671095316.916692
1671095316.955964
1671095316.962746
1671095316.988388
1671095317.012912
1671095317.022575
1671095317.040168
1671095317.075280
1671095317.091803
1671095317.113402
1671095317.130711
1671095317.150319
1671095317.176478
1671095317.191831
1671095317.212283
1671095317.230354
1671095317.239722
1671095317.277148
1671095317.293592
1671095317.312256
1671095317.331576
1671095317.337281
1671095317.375417
1671095317.388373
1671095317.412870
1671095317.432086
1671095317.456719
1671095317.479508
1671095317.492908
1671095317.512327
1671095317.538424
1671095317.544805
1671095317.562284
1671095317.588555
1671095317.612350
1671095317.636000
1671095317.650021
1671095317.680802
1671095317.695920
1671095317.712293
1671095317.728388
1671095317.745847
1671095317.775286
1671095317.793578
1671095317.828334
1671095317.835119
1671095317.849176
1671095317.862380
1671095317.894836
1671095317.914814
1671095317.935213
1671095317.944709
1671095317.972640
1671095317.991228
1671095318.018286
1671095318.025977
1671095318.055157
1671095318.063655
1671095318.091086
1671095318.118509
1671095318.134753
1671095318.150923
1671095318.162822
1671095318.189744
1671095318.215886
1671095318.234726
1671095318.244662
1671095318.273628
1671095318.288439
1671095318.312524
1671095318.334664
1671095318.344672
1671095318.378148
1671095318.391150
1671095318.412960
1671095318.430231
1671095318.445536
1671095318.465202
1671095318.494785
1671095318.512555
1671095318.535546
1671095318.550416
1671095318.579367
1671095318.593176
1671095318.612900
1671095318.636293
1671095318.650336
1671095318.662742
1671095318.699732
1671095318.712428
1671095318.721383
1671095318.745618
1671095318.762439
1671095318.794361
1671095318.812470
1671095318.834598
1671095318.846188
1671095318.862481
1671095318.893686
1671095318.919207
1671095318.935119
1671095318.956787
1671095318.979678
1671095318.995797
1671095319.018424
1671095319.034954
1671095319.055290
1671095319.062420
1671095319.088539
1671095319.113486
1671095319.134896
1671095319.144531
1671095319.171805
1671095319.188559
1671095319.215346
1671095319.234839
1671095319.245491
1671095319.271341
1671095319.288723
1671095319.319811
1671095319.332328
1671095319.345347
1671095319.375824
1671095319.388600
1671095319.412833
1671095319.435117
1671095319.456646
1671095319.473505
1671095319.487576
1671095319.512509
1671095319.529268
1671095319.548296
1671095319.562554
1671095319.592387
1671095319.612491
1671095319.635377
1671095319.650871
1671095319.662830
1671095319.695192
1671095319.699311
1671095319.737638
1671095319.744449
1671095319.779565
1671095319.792593
1671095319.812512
1671095319.835772
1671095319.844407
1671095319.862493
1671095319.894847
1671095319.913136
1671095319.934878
1671095319.944766
1671095319.962517
1671095319.996191
1671095320.018273
1671095320.026229
1671095320.045741
1671095320.062509
1671095320.094367
1671095320.118843
1671095320.134766
1671095320.150345
1671095320.176026
1671095320.195595
1671095320.218922
1671095320.223520
1671095320.252845
1671095320.275881
1671095320.289101
1671095320.318544
1671095320.334655
1671095320.344316
1671095320.362563
1671095320.395751
1671095320.412932
1671095320.442690
1671095320.445990
1671095320.462551
1671095320.487773
1671095320.514929
1671095320.534480
1671095320.544340
1671095320.571552
1671095320.576868
1671095320.615816
1671095320.642971
1671095320.650946
1671095320.672318
1671095320.688631
1671095320.717269
1671095320.741612
1671095320.745220
1671095320.776931
1671095320.788689
1671095320.812639
1671095320.842916
1671095320.845087
1671095320.876595
1671095320.888673
1671095320.913150
1671095320.942823
1671095320.946080
1671095320.962590
1671095320.990776
1671095321.013143
1671095321.034351
1671095321.039953
1671095321.072987
1671095321.089389
1671095321.112646
1671095321.136544
1671095321.151446
1671095321.172084
1671095321.194306
1671095321.212647
1671095321.220329
1671095321.247898
1671095321.263143
1671095321.294580
1671095321.319549
1671095321.332540
1671095321.346964
1671095321.371738
1671095321.396583
1671095321.420698
1671095321.425268
1671095321.447771
1671095321.462663
1671095321.488748
1671095321.514807
1671095321.525563
1671095321.551948
1671095321.562659
1671095321.595356
1671095321.613179
1671095321.621338
1671095321.656045
1671095321.663038
1671095321.694621
1671095321.712668
1671095321.721339
1671095321.755430
1671095321.779830
1671095321.794437
1671095321.812756
1671095321.832075
1671095321.839980
1671095321.872791
1671095321.888740
1671095321.915033
1671095321.925936
1671095321.956263
1671095321.972719
1671095321.994567
1671095322.016050
1671095322.034050
1671095322.040647
1671095322.077097
1671095322.088752
1671095322.114549
1671095322.131657
1671095322.150910
1671095322.163073
1671095322.192936
1671095322.212722
1671095322.233815
1671095322.254231
1671095322.274873
1671095322.294842
1671095322.312732
1671095322.336810
1671095322.342129
1671095322.373842
1671095322.394593
1671095322.414510
1671095322.423980
1671095322.447184
1671095322.481464
1671095322.497084
1671095322.522695
1671095322.525516
1671095322.549028
1671095322.573786
1671095322.595050
1671095322.619096
1671095322.624789
1671095322.656029
1671095322.663250
1671095322.694832
1671095322.721775
1671095322.727510
1671095322.753960
1671095322.762914
1671095322.788853
1671095322.814361
1671095322.823920
1671095322.855406
1671095322.863462
1671095322.891945
1671095322.913593
1671095322.927243
1671095322.956966
1671095322.974031
1671095322.991930
1671095323.015982
1671095323.026060
1671095323.041297
1671095323.074285
1671095323.089324
1671095323.114908
1671095323.127265
1671095323.151208
1671095323.173892
1671095323.189226
1671095323.213868
1671095323.229712
1671095323.240092
1671095323.274131
1671095323.290195
1671095323.316180
1671095323.338516
1671095323.342870
1671095323.362963
1671095323.393775
1671095323.414395
1671095323.433897
1671095323.440098
1671095323.473823
1671095323.488922
1671095323.513797
1671095323.535312
1671095323.549158
1671095323.562987
1671095323.595542
1671095323.613813
1671095323.623814
1671095323.650682
1671095323.663356
1671095323.694697
1671095323.713801
1671095323.723748
1671095323.752621
1671095323.763016
1671095323.796121
1671095323.815781
1671095323.823789
1671095323.850050
1671095323.879776
1671095323.888909
1671095323.915956
1671095323.925808
1671095323.954089
1671095323.963034
1671095323.995747
1671095324.017827
1671095324.026292
1671095324.055541
1671095324.063807
1671095324.089024
1671095324.113703
1671095324.122711
1671095324.140151
1671095324.174005
1671095324.189044
1671095324.215210
1671095324.224845
1671095324.240184
1671095324.274288
1671095324.289109
1671095324.316637
1671095324.332000
1671095324.340170
1671095324.374589
1671095324.394674
1671095324.419238
1671095324.428800
1671095324.442339
1671095324.476583
1671095324.489287
1671095324.513659
1671095324.531301
1671095324.540732
1671095324.573858
1671095324.588946
1671095324.613706
1671095324.631745
1671095324.651356
1671095324.673964
1671095324.688949
1671095324.713602
1671095324.723586
1671095324.744242
1671095324.776028
1671095324.788938
1671095324.813592
1671095324.836229
1671095324.853834
1671095324.863105
1671095324.893872
1671095324.915743
1671095324.924320
1671095324.948520
1671095324.963109
1671095324.996168
1671095325.013535
1671095325.026858
1671095325.047062
1671095325.072773
1671095325.095482
1671095325.113533
1671095325.133108
1671095325.154345
1671095325.180776
1671095325.189017
1671095325.213511
1671095325.223763
1671095325.240244
1671095325.272809
1671095325.289413
1671095325.319753
1671095325.332380
1671095325.354189
1671095325.363149
1671095325.395740
1671095325.416018
1671095325.423478
1671095325.456415
1671095325.472077
1671095325.489206
1671095325.519096
1671095325.532874
1671095325.540281
1671095325.574667
1671095325.589224
1671095325.619317
1671095325.632095
1671095325.651233
1671095325.679911
1671095325.693513
1671095325.713992
1671095325.732685
1671095325.740283
1671095325.773981
1671095325.789491
1671095325.813399
1671095325.836984
1671095325.841152
1671095325.881920
1671095325.894604
1671095325.913777
1671095325.923542
1671095325.945866
1671095325.980178
1671095325.994869
1671095326.016541
1671095326.026531
1671095326.049259
1671095326.063110
1671095326.095650
1671095326.116777
1671095326.123698
1671095326.155057
1671095326.181473
1671095326.197894
1671095326.214123
1671095326.223335
1671095326.240333
1671095326.273621
1671095326.292225
1671095326.315975
1671095326.333255
1671095326.340466
1671095326.373686
1671095326.389077
1671095326.414315
1671095326.420763
1671095326.440332
1671095326.473872
1671095326.491246
1671095326.517625
1671095326.525983
1671095326.543715
1671095326.574279
1671095326.597638
1671095326.615737
1671095326.642579
1671095326.651573
1671095326.674792
1671095326.689108
1671095326.713152
1671095326.733334
1671095326.743256
1671095326.763524
1671095326.797998
1671095326.819535
1671095326.836690
1671095326.843235
1671095326.863176
1671095326.893014
1671095326.923997
1671095326.937862
1671095326.954733
1671095326.963185
1671095326.997855
1671095327.023151
1671095327.033581
1671095327.046180
1671095327.073193
1671095327.100736
1671095327.119655
1671095327.134450
1671095327.151171
1671095327.173188
1671095327.198977
1671095327.219747
1671095327.233333
1671095327.252089
1671095327.287677
1671095327.289343
1671095327.319465
1671095327.333149
1671095327.354356
1671095327.372212
1671095327.392267
1671095327.419177
1671095327.433647
1671095327.456410
1671095327.470479
1671095327.489516
1671095327.515316
1671095327.542554
1671095327.545337
1671095327.573570
1671095327.591805
1671095327.616366
1671095327.641274
1671095327.651536
1671095327.672740
1671095327.689147
1671095327.716291
1671095327.726369
1671095327.746427
1671095327.775403
1671095327.793643
1671095327.813475
1671095327.832409
1671095327.838702
1671095327.880159
1671095327.893192
1671095327.915553
1671095327.928287
1671095327.957749
1671095327.963389
1671095328.001169
1671095328.016144
1671095328.036584
1671095328.040767
1671095328.063403
1671095328.101752
1671095328.113505
1671095328.135453
1671095328.151087
1671095328.174052
1671095328.193321
1671095328.213426
1671095328.222133
1671095328.248097
1671095328.280677
1671095328.295332
1671095328.313500
1671095328.339474
1671095328.350614
1671095328.363442
1671095328.397366
1671095328.420470
1671095328.424883
1671095328.454584
1671095328.463455
1671095328.493175
1671095328.514318
1671095328.526674
1671095328.557479
1671095328.563444
1671095328.593162
1671095328.614598
1671095328.621677
1671095328.655779
1671095328.672349
1671095328.693184
1671095328.714530
1671095328.720794
1671095328.740553
1671095328.774143
1671095328.793337
1671095328.814744
1671095328.823432
1671095328.843386
1671095328.878891
1671095328.892931
1671095328.919060
1671095328.927720
1671095328.941699
1671095328.973744
1671095328.992902
1671095329.013613
1671095329.028969
1671095329.040539
1671095329.074290
1671095329.093556
1671095329.113559
1671095329.128115
1671095329.150689
1671095329.175672
1671095329.189380
1671095329.200070
1671095329.236390
1671095329.252850
1671095329.273269
1671095329.289342
1671095329.318059
1671095329.334399
1671095329.342813
1671095329.374101
1671095329.392246
1671095329.413945
1671095329.436461
1671095329.453810
1671095329.463519
1671095329.495573
1671095329.516859
1671095329.526924
1671095329.542792
1671095329.571885
1671095329.598290
1671095329.617377
1671095329.620302
1671095329.650591
1671095329.663787
1671095329.697740
1671095329.713438
1671095329.721674
1671095329.752255
1671095329.776096
1671095329.789740
1671095329.813411
1671095329.832723
1671095329.855976
1671095329.863434
1671095329.895836
1671095329.913995
1671095329.921952
1671095329.957659
1671095329.973593
1671095329.989419
1671095330.014968
1671095330.026391
1671095330.042543
1671095330.074305
1671095330.089839
1671095330.119042
1671095330.132070
1671095330.152384
1671095330.175523
1671095330.191741
1671095330.213347
1671095330.232332
1671095330.241509
1671095330.263465
1671095330.294250
1671095330.315972
1671095330.335336
1671095330.340661
1671095330.363471
1671095330.397733
1671095330.413939
1671095330.421442
1671095330.447016
1671095330.480811
1671095330.494652
1671095330.513554
1671095330.525835
1671095330.547960
1671095330.581367
1671095330.595933
1671095330.613575
1671095330.623701
1671095330.651340
1671095330.675314
1671095330.694757
1671095330.718954
1671095330.725318
1671095330.752997
1671095330.775722
1671095330.789516
1671095330.813526
1671095330.824571
1671095330.856874
1671095330.863682
1671095330.895497
1671095330.914949
1671095330.928990
1671095330.943029
1671095330.975154
1671095330.989505
1671095331.017905
1671095331.030384
1671095331.041127
1671095331.075232
1671095331.089497
1671095331.119789
1671095331.130739
1671095331.152127
1671095331.176712
1671095331.189427
1671095331.213567
1671095331.228445
1671095331.240715
1671095331.274888
1671095331.289467
1671095331.313639
1671095331.332742
1671095331.340722
1671095331.363576
1671095331.396539
1671095331.419840
1671095331.435992
1671095331.442541
1671095331.463692
1671095331.494639
1671095331.514144
1671095331.536726
1671095331.541644
1671095331.575432
1671095331.590469
1671095331.613771
1671095331.621390
1671095331.655325
1671095331.664108
1671095331.695495
1671095331.713768
1671095331.723886
1671095331.748528
1671095331.775683
1671095331.796924
1671095331.813780
1671095331.824749
1671095331.852170
1671095331.873854
1671095331.897902
1671095331.915852
1671095331.917718
1671095331.956300
1671095331.980489
1671095331.989506
1671095332.013657
1671095332.028661
1671095332.041004
1671095332.076002
1671095332.089831
1671095332.115748
1671095332.127702
1671095332.140756
1671095332.174849
1671095332.189519
1671095332.217445
1671095332.229679
1671095332.240812
1671095332.276851
1671095332.289704
1671095332.315736
1671095332.332479
1671095332.340770
1671095332.374849
1671095332.389572
1671095332.414030
1671095332.438744
1671095332.441690
1671095332.477581
1671095332.489542
1671095332.513687
1671095332.532123
1671095332.540814
1671095332.580520
1671095332.598481
1671095332.613698
1671095332.632928
1671095332.638716
1671095332.680855
1671095332.690068
1671095332.712690
1671095332.737686
1671095332.751486
1671095332.781365
1671095332.796520
1671095332.813747
1671095332.839752
1671095332.850652
1671095332.863830
1671095332.898159
1671095332.914321
1671095332.925970
1671095332.947828
1671095332.963726
1671095332.995085
1671095333.013844
1671095333.026916
1671095333.048632
1671095333.080569
1671095333.095844
1671095333.114970
1671095333.124710
1671095333.153359
1671095333.175749
1671095333.189649
1671095333.224548
1671095333.231055
1671095333.255879
1671095333.264453
1671095333.291322
1671095333.313760
1671095333.333205
1671095333.356221
1671095333.379931
1671095333.390678
1671095333.414131
1671095333.418380
1671095333.457113
1671095333.474623
1671095333.489607
1671095333.514967
1671095333.526607
1671095333.541106
1671095333.581595
1671095333.589925
1671095333.618068
1671095333.632824
1671095333.652175
1671095333.676210
1671095333.689735
1671095333.713815
1671095333.732050
1671095333.741714
1671095333.777045
1671095333.789958
1671095333.813802
1671095333.833171
1671095333.840980
1671095333.877189
1671095333.891899
1671095333.914434
1671095333.931359
1671095333.940959
1671095333.963960
1671095333.994214
1671095334.014493
1671095334.033977
1671095334.041155
1671095334.082173
1671095334.097524
1671095334.113965
1671095334.135511
1671095334.151837
1671095334.183987
1671095334.189652
1671095334.203768
1671095334.236964
1671095334.243999
1671095334.281339
1671095334.295788
1671095334.314526
1671095334.320772
1671095334.343053
1671095334.364067
1671095334.397539
1671095334.414372
1671095334.433544
1671095334.451803
1671095334.482162
1671095334.498138
1671095334.514806
1671095334.526891
1671095334.557565
1671095334.574155
1671095334.589722
1671095334.614348
1671095334.624407
1671095334.656561
1671095334.664375
1671095334.690078
1671095334.714025
1671095334.723521
1671095334.757811
1671095334.774650
1671095334.789809
1671095334.816235
1671095334.823377
1671095334.843199
1671095334.874344
1671095334.889841
1671095334.916816
1671095334.923926
1671095334.941309
1671095334.974289
1671095334.989736
1671095335.014079
1671095335.031172
1671095335.042370
1671095335.077561
1671095335.089728
1671095335.114084
1671095335.131008
1671095335.154632
1671095335.174777
1671095335.189741
1671095335.214072
1671095335.236796
1671095335.241316
1671095335.276425
1671095335.289970
1671095335.314156
1671095335.337826
1671095335.344630
1671095335.374701
1671095335.393598
1671095335.414846
1671095335.437945
1671095335.447160
1671095335.474437
1671095335.500117
1671095335.514167
1671095335.527690
1671095335.541018
1671095335.574234
1671095335.596241
1671095335.614124
1671095335.622304
1671095335.651958
1671095335.674679
1671095335.696157
1671095335.715824
1671095335.725196
1671095335.755925
1671095335.776953
1671095335.790859
1671095335.814357
1671095335.834114
1671095335.858019
1671095335.874583
1671095335.890002
1671095335.914755
1671095335.921647
1671095335.941441
1671095335.974544
1671095335.991643
1671095336.015411
1671095336.028420
1671095336.041056
1671095336.082555
1671095336.089809
1671095336.117292
1671095336.134005
1671095336.153529
1671095336.173926
1671095336.189978
1671095336.216858
1671095336.226544
1671095336.241142
1671095336.274803
1671095336.292083
1671095336.317096
1671095336.333134
1671095336.341570
1671095336.377107
1671095336.389812
1671095336.421248
1671095336.433613
1671095336.457840
1671095336.475002
1671095336.489884
1671095336.520029
1671095336.534149
1671095336.541366
1671095336.576567
1671095336.589835
1671095336.620268
1671095336.637938
1671095336.641600
1671095336.664434
1671095336.695795
1671095336.700809
1671095336.728198
1671095336.748598
1671095336.776871
1671095336.795288
1671095336.820103
1671095336.833651
1671095336.847873
1671095336.864147
1671095336.889890
1671095336.915721
1671095336.928210
1671095336.954998
1671095336.964087
1671095336.989950
1671095337.018887
1671095337.027577
1671095337.058355
1671095337.074527
1671095337.089880
1671095337.115282
1671095337.123385
1671095337.141234
1671095337.172484
1671095337.190282
1671095337.216047
1671095337.222432
1671095337.241172
1671095337.277115
1671095337.290790
1671095337.320430
1671095337.334223
1671095337.341177
1671095337.373846
1671095337.389919
1671095337.398986
1671095337.431815
1671095337.451256
1671095337.477232
1671095337.489988
1671095337.514170
1671095337.535902
1671095337.541183
1671095337.564154
1671095337.595868
1671095337.614208
1671095337.636775
1671095337.652617
1671095337.678974
1671095337.694873
1671095337.714191
1671095337.723980
1671095337.746447
1671095337.777739
1671095337.799830
1671095337.814232
1671095337.834052
1671095337.848605
1671095337.864194
1671095337.903889
1671095337.919542
1671095337.925222
1671095337.952475
1671095337.987858
1671095337.990874
1671095338.019804
1671095338.029048
1671095338.056157
1671095338.077363
1671095338.090017
1671095338.114236
1671095338.125299
1671095338.156060
1671095338.172108
1671095338.190166
1671095338.217268
1671095338.222414
1671095338.259430
1671095338.277025
1671095338.290804
1671095338.319789
1671095338.333556
1671095338.341266
1671095338.372927
1671095338.390679
1671095338.416073
1671095338.428532
1671095338.457832
1671095338.476169
1671095338.489982
1671095338.516433
1671095338.538174
1671095338.542601
1671095338.578085
1671095338.592201
1671095338.618150
1671095338.639702
1671095338.653191
1671095338.664750
1671095338.693409
1671095338.717100
1671095338.731500
1671095338.742072
1671095338.764408
1671095338.795722
1671095338.818122
1671095338.837274
1671095338.841990
1671095338.883771
1671095338.890850
1671095338.922179
1671095338.938316
1671095338.947782
1671095338.974356
1671095338.997604
1671095339.020816
1671095339.028078
1671095339.048240
1671095339.075358
1671095339.090450
1671095339.120739
1671095339.137436
1671095339.155343
1671095339.172516
1671095339.190073
1671095339.214498
1671095339.222314
1671095339.241315
1671095339.277543
1671095339.290158
1671095339.314389
1671095339.325101
1671095339.358826
1671095339.377312
1671095339.390423
1671095339.417978
1671095339.423028
1671095339.458488
1671095339.475422
1671095339.492274
1671095339.517560
1671095339.527203
1671095339.542654
1671095339.574165
1671095339.590622
1671095339.620574
1671095339.633640
1671095339.652318
1671095339.674721
1671095339.690117
1671095339.721751
1671095339.736260
1671095339.741409
1671095339.771845
1671095339.790133
1671095339.820576
1671095339.835400
1671095339.841412
1671095339.864372
1671095339.890270
1671095339.917363
1671095339.938425
1671095339.943742
1671095339.977160
1671095339.990414
1671095340.017851
1671095340.028037
1671095340.046571
1671095340.064478
1671095340.093388
1671095340.116058
1671095340.137283
1671095340.151690
1671095340.164773
1671095340.196172
1671095340.217432
1671095340.238653
1671095340.246963
1671095340.278384
1671095340.295650
1671095340.316798
1671095340.334143
1671095340.349773
1671095340.364444
1671095340.397446
1671095340.414818
1671095340.421909
1671095340.458751
1671095340.470231
1671095340.491042
1671095340.517806
1671095340.528304
1671095340.556503
1671095340.569132
1671095340.590961
1671095340.618565
1671095340.626562
1671095340.652812
1671095340.670540
1671095340.699063
1671095340.715554
1671095340.725900
1671095340.741490
1671095340.773381
1671095340.791194
1671095340.814488
1671095340.833845
1671095340.841411
1671095340.884079
1671095340.891832
1671095340.917603
1671095340.941445
1671095340.945586
1671095340.977422
1671095340.995504
1671095341.018657
1671095341.033636
1671095341.041961
1671095341.064497
1671095341.098192
1671095341.115758
1671095341.136669
1671095341.152965
1671095341.176298
1671095341.191680
1671095341.217647
1671095341.220475
1671095341.247748
1671095341.281612
1671095341.295533
1671095341.315033
1671095341.337978
1671095341.347004
1671095341.364701
1671095341.397414
1671095341.418803
1671095341.424114
1671095341.450098
1671095341.480959
1671095341.496836
1671095341.521083
1671095341.535074
1671095341.551801
1671095341.564653
1671095341.597246
1671095341.614879
1671095341.626007
1671095341.656992
1671095341.665045
1671095341.690907
1671095341.714690
1671095341.722852
1671095341.743791
1671095341.775597
1671095341.790925
1671095341.820850
1671095341.833983
1671095341.847936
1671095341.881083
1671095341.890775
1671095341.918580
1671095341.926823
1671095341.941500
1671095341.977821
1671095341.991904
1671095342.014711
1671095342.029330
1671095342.041575
1671095342.076475
1671095342.091292
1671095342.121044
1671095342.128119
1671095342.152985
1671095342.178082
1671095342.195443
1671095342.199967
1671095342.234115
1671095342.241573
1671095342.272110
1671095342.298738
1671095342.320870
1671095342.339717
1671095342.344169
1671095342.364781
1671095342.397452
1671095342.421434
1671095342.425972
1671095342.447891
1671095342.475007
1671095342.496629
1671095342.521087
1671095342.527422
1671095342.550957
1671095342.567991
1671095342.595745
1671095342.621300
1671095342.626249
1671095342.655449
1671095342.681185
1671095342.690699
1671095342.715533
1671095342.722831
1671095342.742140
1671095342.776825
1671095342.791533
1671095342.825100
1671095342.833785
1671095342.858697
1671095342.869319
1671095342.890793
1671095342.917650
1671095342.921712
1671095342.941824
1671095342.964710
1671095342.997618
1671095343.018828
1671095343.028165
1671095343.041706
1671095343.073172
1671095343.092058
1671095343.119034
1671095343.140278
1671095343.153412
1671095343.176759
1671095343.191079
1671095343.214703
1671095343.230395
1671095343.241640
1671095343.264951
1671095343.294620
1671095343.318374
1671095343.335799
1671095343.348746
1671095343.364702
1671095343.400833
1671095343.417853
1671095343.436445
1671095343.458376
1671095343.464756
1671095343.490503
1671095343.514797
1671095343.538599
1671095343.545602
1671095343.564743
1671095343.598176
1671095343.614777
1671095343.623250
1671095343.658999
1671095343.665092
1671095343.696014
1671095343.717144
1671095343.721001
1671095343.748738
1671095343.771168
1671095343.800263
1671095343.820121
1671095343.834034
1671095343.852079
1671095343.865813
1671095343.899165
1671095343.916176
1671095343.920911
1671095343.958522
1671095343.970577
1671095343.990670
1671095344.018211
1671095344.028751
1671095344.043736
1671095344.072899
1671095344.091175
1671095344.116368
1671095344.125025
1671095344.141714
1671095344.174074
1671095344.190645
1671095344.218074
1671095344.240230
1671095344.245830
1671095344.277042
1671095344.291327
1671095344.316787
1671095344.333348
1671095344.341710
1671095344.375839
1671095344.390795
1671095344.421304
1671095344.426931
1671095344.441705
1671095344.479892
1671095344.490582
1671095344.517913
1671095344.527137
1671095344.541710
1671095344.575888
1671095344.590559
1671095344.621382
1671095344.634332
1671095344.643927
1671095344.671460
1671095344.691342
1671095344.722632
1671095344.740210
1671095344.754924
1671095344.777056
1671095344.795111
1671095344.821643
1671095344.837749
1671095344.846027
1671095344.865043
1671095344.897467
1671095344.921535
1671095344.939146
1671095344.948732
1671095344.964983
1671095344.998301
1671095345.020886
1671095345.026595
1671095345.047991
1671095345.065049
1671095345.098772
1671095345.121485
1671095345.127016
1671095345.152145
1671095345.168413
1671095345.195340
1671095345.222669
1671095345.228837
1671095345.242367
1671095345.276631
1671095345.290800
1671095345.321296
1671095345.333911
1671095345.341789
1671095345.377953
1671095345.390781
1671095345.416318
1671095345.427447
1671095345.441964
1671095345.476127
1671095345.490701
1671095345.515934
1671095345.529240
1671095345.557759
1671095345.585963
1671095345.590584
1671095345.616174
1671095345.627352
1671095345.653487
1671095345.677033
1671095345.690807
1671095345.717928
1671095345.730057
1671095345.742568
1671095345.776857
1671095345.792211
1671095345.818187
1671095345.834417
1671095345.841845
1671095345.878159
1671095345.899215
1671095345.916255
1671095345.936227
1671095345.959134
1671095345.965085
1671095345.997676
1671095346.016318
1671095346.029808
1671095346.047787
1671095346.065073
1671095346.096031
1671095346.117633
1671095346.138708
1671095346.154454
1671095346.171888
1671095346.193522
1671095346.219947
1671095346.238557
1671095346.247935
1671095346.265134
1671095346.297037
1671095346.317503
1671095346.339136
1671095346.356294
1671095346.365142
1671095346.399447
1671095346.416568
1671095346.422029
1671095346.449424
1671095346.465113
1671095346.498947
1671095346.515859
1671095346.528491
1671095346.556174
1671095346.574710
1671095346.591126
1671095346.616141
1671095346.621739
1671095346.658120
1671095346.672551
1671095346.691162
1671095346.718556
1671095346.722154
1671095346.756108
1671095346.772788
1671095346.797294
1671095346.816090
1671095346.823692
1671095346.850030
1671095346.872608
1671095346.891359
1671095346.916086
1671095346.927453
1671095346.942105
1671095346.973212
1671095346.997065
1671095347.016514
1671095347.034100
1671095347.042284
1671095347.077887
1671095347.091318
1671095347.115362
1671095347.130546
1671095347.141965
1671095347.171280
1671095347.190637
1671095347.220853
1671095347.234901
1671095347.245361
1671095347.265054
1671095347.296080
1671095347.317863
1671095347.340520
1671095347.356022
1671095347.369456
1671095347.398152
1671095347.422127
1671095347.427817
1671095347.452315
1671095347.469121
1671095347.499305
1671095347.521358
1671095347.529764
1671095347.550431
1671095347.571162
1671095347.590726
1671095347.624340
1671095347.627037
1671095347.655546
1671095347.671038
1671095347.696956
1671095347.717535
1671095347.720764
1671095347.742870
1671095347.769928
1671095347.797199
1671095347.818344
1671095347.835817
1671095347.841994
1671095347.871129
1671095347.891439
1671095347.916016
1671095347.925951
1671095347.942356
1671095347.973458
1671095347.991766
1671095348.018080
1671095348.028864
1671095348.042043
1671095348.075811
1671095348.097140
1671095348.118183
1671095348.126992
1671095348.153570
1671095348.177504
1671095348.197089
1671095348.216106
1671095348.230020
1671095348.242001
1671095348.278424
1671095348.297068
1671095348.317678
1671095348.334642
1671095348.341998
1671095348.373035
1671095348.391569
1671095348.420011
1671095348.436308
1671095348.456305
1671095348.469123
1671095348.496051
1671095348.519938
1671095348.528099
1671095348.549218
1671095348.568226
1671095348.598434
1671095348.618296
1671095348.638417
1671095348.658464
1671095348.669506
1671095348.691294
1671095348.715803
1671095348.722400
1671095348.758968
1671095348.767483
1671095348.797399
1671095348.815537
1671095348.834756
1671095348.858582
1671095348.868731
1671095348.896712
1671095348.917542
1671095348.921152
1671095348.942667
1671095348.971043
1671095348.997083
1671095349.016120
1671095349.028131
1671095349.042071
1671095349.074050
1671095349.090812
1671095349.118860
1671095349.126073
1671095349.156373
1671095349.176407
1671095349.197165
1671095349.216665
1671095349.227356
1671095349.242123
1671095349.276102
1671095349.291587
1671095349.320149
1671095349.334199
1671095349.349533
1671095349.367241
1671095349.390806
1671095349.416742
1671095349.431231
1671095349.449504
1671095349.478621
1671095349.491436
1671095349.517534
1671095349.537816
1671095349.550353
1671095349.569177
1671095349.592208
1671095349.616631
1671095349.637286
1671095349.649478
1671095349.675382
1671095349.694450
1671095349.716116
1671095349.738487
1671095349.749455
1671095349.768447
1671095349.799949
1671095349.820194
1671095349.834631
1671095349.851176
1671095349.868313
1671095349.899299
1671095349.919907
1671095349.934307
1671095349.952237
1671095349.968626
1671095349.991734
1671095350.016791
1671095350.021074
1671095350.054376
1671095350.073600
1671095350.091136
1671095350.115522
1671095350.122379
1671095350.143022
1671095350.172083
1671095350.191326
1671095350.216123
1671095350.222873
1671095350.257091
1671095350.268525
1671095350.291320
1671095350.316777
1671095350.323296
1671095350.343350
1671095350.371222
1671095350.391748
1671095350.416227
1671095350.422456
1671095350.458998
1671095350.473502
1671095350.491254
1671095350.518536
1671095350.527735
1671095350.543126
1671095350.574847
1671095350.591375
1671095350.619545
1671095350.628693
1671095350.653235
1671095350.678601
1671095350.691121
1671095350.721932
1671095350.730320
1671095350.743289
1671095350.769023
1671095350.791503
1671095350.817875
1671095350.838556
1671095350.842280
1671095350.867285
1671095350.891523
1671095350.916528
1671095350.921091
1671095350.949544
1671095350.967769
1671095350.992798
1671095351.018144
1671095351.038522
1671095351.047402
1671095351.068118
1671095351.095790
1671095351.117766
1671095351.121050
1671095351.152735
1671095351.173755
1671095351.199047
1671095351.216233
1671095351.219167
1671095351.255911
1671095351.269206
1671095351.297100
1671095351.320644
1671095351.334510
1671095351.354922
1671095351.369189
1671095351.391720
1671095351.416672
1671095351.432993
1671095351.462559
1671095351.469168
1671095351.491422
1671095351.517426
1671095351.529357
1671095351.542305
1671095351.571786
1671095351.591972
1671095351.616395
1671095351.627379
1671095351.653339
1671095351.669136
1671095351.691049
1671095351.717187
1671095351.729055
1671095351.742292
1671095351.780014
1671095351.795684
1671095351.817405
1671095351.834098
1671095351.847269
1671095351.879015
1671095351.891032
1671095351.917088
1671095351.940036
1671095351.959647
1671095351.978216
1671095351.993770
1671095352.018238
1671095352.029430
1671095352.046985
1671095352.069937
1671095352.096301
1671095352.119862
1671095352.120038
1671095352.152997
1671095352.172029
1671095352.197650
1671095352.217252
1671095352.222824
1671095352.260174
1671095352.269121
1671095352.292270
1671095352.317611
1671095352.334564
1671095352.343061
1671095352.370992
1671095352.391425
1671095352.420205
1671095352.425304
1671095352.458890
1671095352.470520
1671095352.491053
1671095352.517102
1671095352.520634
1671095352.543715
1671095352.573649
1671095352.595904
1671095352.618515
1671095352.625793
1671095352.653127
1671095352.679964
1671095352.691066
1671095352.717348
1671095352.727328
1671095352.759356
1671095352.776732
1671095352.792162
1671095352.823447
1671095352.836889
1671095352.842405
1671095352.878887
1671095352.891776
1671095352.922425
1671095352.937442
1671095352.942446
1671095352.970522
1671095352.991247
1671095353.018694
1671095353.037376
1671095353.067703
1671095353.076604
1671095353.092338
1671095353.118607
1671095353.139672
1671095353.152945
1671095353.177475
1671095353.198684
1671095353.227750
1671095353.228259
1671095353.242377
1671095353.278206
1671095353.297586
1671095353.323565
1671095353.334548
1671095353.366557
1671095353.372813
1671095353.395775
1671095353.418566
1671095353.424071
1671095353.458831
1671095353.468842
1671095353.497341
1671095353.518642
1671095353.527947
1671095353.556596
1671095353.571223
1671095353.592016
1671095353.619697
1671095353.622670
1671095353.653008
1671095353.675794
1671095353.695932
1671095353.720830
1671095353.729645
1671095353.742453
1671095353.777649
1671095353.792189
1671095353.822041
1671095353.835421
1671095353.842461
1671095353.878842
1671095353.892119
1671095353.916259
1671095353.930672
1671095353.959064
1671095353.980291
1671095353.993814
1671095354.019984
1671095354.034489
1671095354.048417
1671095354.079781
1671095354.091151
1671095354.115846
1671095354.138567
1671095354.153893
1671095354.167883
1671095354.196011
1671095354.215733
1671095354.239698
1671095354.248024
1671095354.265748
1671095354.298094
1671095354.315735
1671095354.334817
1671095354.348447
1671095354.365734
1671095354.398548
1671095354.417636
1671095354.428707
1671095354.450216
1671095354.483774
1671095354.499795
1671095354.515797
1671095354.528651
1671095354.553796
1671095354.578206
1671095354.596852
1671095354.615821
1671095354.628645
1671095354.658362
1671095354.666124
1671095354.698036
1671095354.719174
1671095354.728790
1671095354.743658
1671095354.777880
1671095354.791743
1671095354.815761
1671095354.835056
1671095354.860081
1671095354.876352
1671095354.891283
1671095354.919730
1671095354.930270
1671095354.942515
1671095354.975870
1671095354.991877
1671095355.016922
1671095355.030133
1671095355.042526
1671095355.076843
1671095355.091590
1671095355.117647
1671095355.130660
1671095355.153888
1671095355.177289
1671095355.191285
1671095355.219257
1671095355.231183
1671095355.242604
1671095355.279108
1671095355.300256
1671095355.316097
1671095355.336681
1671095355.343462
1671095355.371560
1671095355.391305
1671095355.418956
1671095355.438725
1671095355.443079
1671095355.465875
1671095355.500268
1671095355.515897
1671095355.539149
1671095355.555916
1671095355.582415
1671095355.598478
1671095355.615930
1671095355.628592
1671095355.653168
1671095355.687732
1671095355.697666
1671095355.718577
1671095355.737025
1671095355.750363
1671095355.778092
1671095355.798850
1671095355.816818
1671095355.831398
1671095355.855099
1671095355.866010
1671095355.892969
1671095355.917049
1671095355.928444
1671095355.959911
1671095355.966023
1671095355.991376
1671095356.018450
1671095356.029060
1671095356.042586
1671095356.076502
1671095356.092355
1671095356.118036
1671095356.132256
1671095356.142849
1671095356.177977
1671095356.197066
1671095356.219619
1671095356.234849
1671095356.243448
1671095356.279021
1671095356.291588
1671095356.322939
1671095356.335307
1671095356.344957
1671095356.379319
1671095356.391365
1671095356.423704
1671095356.438495
1671095356.459874
1671095356.466053
1671095356.500783
1671095356.522333
1671095356.536778
1671095356.544101
1671095356.566068
1671095356.599744
1671095356.622281
1671095356.639500
1671095356.653257
1671095356.666435
1671095356.700071
1671095356.723160
1671095356.731296
1671095356.751021
1671095356.766084
1671095356.796932
1671095356.819062
1671095356.828310
1671095356.854864
1671095356.866099
1671095356.891992
1671095356.918294
1671095356.928271
1671095356.956839
1671095356.966127
1671095356.999137
1671095357.016147
1671095357.034586
1671095357.061107
1671095357.077329
1671095357.092356
1671095357.118706
1671095357.128263
1671095357.142796
1671095357.176967
1671095357.192034
1671095357.216937
1671095357.232793
1671095357.242685
1671095357.277120
1671095357.292178
1671095357.322451
1671095357.338344
1671095357.343275
1671095357.379375
1671095357.391420
1671095357.423038
1671095357.438346
1671095357.446405
1671095357.479412
1671095357.493935
1671095357.525302
1671095357.536850
1671095357.543132
1671095357.573470
1671095357.591419
1671095357.619371
1671095357.639951
1671095357.654232
1671095357.666520
1671095357.701702
1671095357.716170
1671095357.728189
1671095357.748794
1671095357.766186
1671095357.801744
1671095357.818674
1671095357.828126
1671095357.851763
1671095357.866191
1671095357.899743
1671095357.918110
1671095357.928106
1671095357.952401
1671095357.968333
1671095358.000134
1671095358.020328
1671095358.029749
1671095358.057971
1671095358.077372
1671095358.099895
1671095358.119024
1671095358.128094
1671095358.157209
1671095358.172991
1671095358.193637
1671095358.216100
1671095358.224293
1671095358.242784
1671095358.274216
1671095358.298320
1671095358.322202
1671095358.336336
1671095358.358061
1671095358.378824
1671095358.396950
1671095358.417346
1671095358.438696
1671095358.460276
1671095358.473335
1671095358.491685
1671095358.519919
1671095358.528621
1671095358.542809
1671095358.574246
1671095358.592499
1671095358.616884
1671095358.629966
1671095358.655566
1671095358.677649
1671095358.698043
1671095358.719929
1671095358.732139
1671095358.742829
1671095358.779131
1671095358.798006
1671095358.817322
1671095358.834242
1671095358.842834
1671095358.866193
1671095358.893086
1671095358.920153
1671095358.940217
1671095358.945055
1671095358.970814
1671095358.991545
1671095359.019588
1671095359.037360
1671095359.053777
1671095359.066239
1671095359.098321
1671095359.119719
1671095359.138839
1671095359.152959
1671095359.166537
1671095359.198235
1671095359.219131
1671095359.221961
1671095359.242936
1671095359.271190
1671095359.299070
1671095359.320091
1671095359.335509
1671095359.349942
1671095359.366183
1671095359.400042
1671095359.417165
1671095359.421507
1671095359.452326
1671095359.466192
1671095359.503581
1671095359.520055
1671095359.528158
1671095359.560196
1671095359.566217
1671095359.597634
1671095359.618345
1671095359.622121
1671095359.657549
1671095359.673435
1671095359.697833
1671095359.716228
1671095359.723641
1671095359.760285
1671095359.772420
1671095359.798319
1671095359.820374
1671095359.826252
1671095359.844932
1671095359.875223
1671095359.898238
1671095359.922640
1671095359.936970
1671095359.947092
1671095359.978387
1671095359.998178
1671095360.020484
1671095360.030500
1671095360.042870
1671095360.078222
1671095360.097813
1671095360.117217
1671095360.130164
1671095360.142900
1671095360.180320
1671095360.197898
1671095360.219677
1671095360.232514
1671095360.243413
1671095360.279438
1671095360.298459
1671095360.320426
1671095360.336533
1671095360.360348
1671095360.371834
1671095360.391684
1671095360.427749
1671095360.439512
1671095360.460125
1671095360.472316
1671095360.491807
1671095360.517320
1671095360.538417
1671095360.558481
1671095360.571893
1671095360.592153
1671095360.622596
1671095360.628886
1671095360.653264
1671095360.672586
1671095360.699874
1671095360.726454
1671095360.733546
1671095360.753429
1671095360.773076
1671095360.792476
1671095360.822417
1671095360.835262
1671095360.857604
1671095360.871776
1671095360.892311
1671095360.921377
1671095360.924324
1671095360.958141
1671095360.973622
1671095360.992606
1671095361.017616
1671095361.022425
1671095361.045092
1671095361.079802
1671095361.092407
1671095361.118101
1671095361.125692
1671095361.142963
1671095361.177299
1671095361.193416
1671095361.219341
1671095361.241506
1671095361.257947
1671095361.278573
1671095361.299427
1671095361.319001
1671095361.334905
1671095361.343759
1671095361.378009
1671095361.392429
1671095361.420335
1671095361.430144
1671095361.460222
1671095361.477383
1671095361.491764
1671095361.519469
1671095361.533960
1671095361.546797
1671095361.570772
1671095361.592176
1671095361.620152
1671095361.639299
1671095361.643358
1671095361.671082
1671095361.692878
1671095361.707536
1671095361.740696
1671095361.746770
1671095361.770676
1671095361.797124
1671095361.820114
1671095361.823370
1671095361.852509
1671095361.870070
1671095361.901659
1671095361.919941
1671095361.923137
1671095361.956496
1671095361.983708
1671095361.992377
1671095362.019722
1671095362.022739
1671095362.059228
1671095362.072321
1671095362.092750
1671095362.117460
1671095362.121696
1671095362.160352
1671095362.172224
1671095362.192503
1671095362.219539
1671095362.224048
1671095362.244446
1671095362.278382
1671095362.292684
1671095362.320473
1671095362.336371
1671095362.343066
1671095362.375434
1671095362.392471
1671095362.417825
1671095362.429795
1671095362.443110
1671095362.476530
1671095362.497755
1671095362.519194
1671095362.533386
1671095362.543697
1671095362.577487
1671095362.592687
1671095362.619528
1671095362.630171
1671095362.654239
1671095362.683726
1671095362.692737
1671095362.718882
1671095362.731284
1671095362.743596
1671095362.770308
1671095362.792046
1671095362.821645
1671095362.838582
1671095362.843541
1671095362.867923
1671095362.891898
1671095362.922459
1671095362.941833
1671095362.948003
1671095362.969398
1671095362.997056
1671095363.020647
1671095363.039158
1671095363.066090
1671095363.073617
1671095363.098300
1671095363.121311
1671095363.128263
1671095363.153549
1671095363.172360
1671095363.199470
1671095363.217598
1671095363.221260
1671095363.265690
1671095363.278746
1671095363.300626
1671095363.321676
1671095363.335478
1671095363.355755
1671095363.370042
1671095363.392399
1671095363.419591
1671095363.423026
1671095363.460227
1671095363.470363
1671095363.491956
1671095363.517172
1671095363.529906
1671095363.558774
1671095363.570127
1671095363.593138
1671095363.617840
1671095363.622769
1671095363.659654
1671095363.673399
1671095363.692924
1671095363.717661
1671095363.725350
1671095363.743166
1671095363.778826
1671095363.798699
1671095363.817871
1671095363.836534
1671095363.843174
1671095363.875937
1671095363.892517
1671095363.921835
1671095363.935581
1671095363.943531
1671095363.975908
1671095363.992858
1671095364.021580
1671095364.035204
1671095364.044734
1671095364.080167
1671095364.092007
1671095364.119099
1671095364.134386
1671095364.154030
1671095364.170093
1671095364.194090
1671095364.217835
1671095364.240680
1671095364.245110
1671095364.271809
1671095364.292569
1671095364.317551
1671095364.338943
1671095364.349901
1671095364.369368
1671095364.394706
1671095364.419512
1671095364.440822
1671095364.449137
1671095364.467322
1671095364.498543
1671095364.522239
1671095364.528971
1671095364.549895
1671095364.569944
1671095364.600543
1671095364.621908
1671095364.628030
1671095364.653898
1671095364.669717
1671095364.692795
1671095364.718315
1671095364.722229
1671095364.757619
1671095364.768609
1671095364.793223
1671095364.818829
1671095364.835828
1671095364.843235
1671095364.873222
1671095364.892099
1671095364.917623
1671095364.923174
1671095364.961616
1671095364.973179
1671095364.992437
1671095365.021771
1671095365.029585
1671095365.043252
1671095365.072907
1671095365.093115
1671095365.120012
1671095365.128573
1671095365.154339
1671095365.179724
1671095365.192853
1671095365.217785
1671095365.233938
1671095365.257107
1671095365.279804
1671095365.292383
1671095365.319303
1671095365.337970
1671095365.343282
1671095365.368673
1671095365.392036
1671095365.419228
1671095365.422276
1671095365.460252
1671095365.468797
1671095365.492118
1671095365.524589
1671095365.543744
1671095365.550428
1671095365.570298
1671095365.599931
1671095365.619815
1671095365.623813
1671095365.654614
1671095365.668228
1671095365.694282
1671095365.717718
1671095365.724205
1671095365.758670
1671095365.770022
1671095365.792436
1671095365.817819
1671095365.836302
1671095365.860753
1671095365.872149
1671095365.892498
1671095365.919628
1671095365.929592
1671095365.944535
1671095365.976331
1671095365.992877
1671095366.021505
1671095366.035528
1671095366.043444
1671095366.077615
1671095366.092072
1671095366.121900
1671095366.135739
1671095366.154068
1671095366.169345
1671095366.192132
1671095366.221610
1671095366.230942
1671095366.247850
1671095366.279785
1671095366.292452
1671095366.321613
1671095366.337911
1671095366.343339
1671095366.368990
1671095366.392122
1671095366.421964
1671095366.440652
1671095366.445307
1671095366.469796
1671095366.493509
1671095366.521664
1671095366.539910
1671095366.548567
1671095366.568632
1671095366.598677
1671095366.619372
1671095366.622432
1671095366.653753
1671095366.669094
1671095366.697992
1671095366.719061
1671095366.729897
1671095366.754922
1671095366.768006
1671095366.801474
1671095366.816872
1671095366.824971
1671095366.858956
1671095366.871284
1671095366.893004
1671095366.918877
1671095366.929961
1671095366.957705
1671095366.974643
1671095366.993249
1671095367.019674
1671095367.022869
1671095367.053259
1671095367.075397
1671095367.080541
1671095367.120362
1671095367.130065
1671095367.144866
1671095367.169012
1671095367.193557
1671095367.220749
1671095367.235757
1671095367.243434
1671095367.279701
1671095367.295792
1671095367.319354
1671095367.336829
1671095367.343442
1671095367.387824
1671095367.392297
1671095367.421976
1671095367.437860
1671095367.461208
1671095367.476260
1671095367.499917
1671095367.521921
1671095367.529418
1671095367.554189
1671095367.575771
1671095367.600496
1671095367.624026
1671095367.629162
1671095367.654182
1671095367.668732
1671095367.699057
1671095367.717599
1671095367.723808
1671095367.757516
1671095367.769195
1671095367.792470
1671095367.817793
1671095367.835792
1671095367.860991
1671095367.869813
1671095367.892933
1671095367.919968
1671095367.941335
1671095367.944565
1671095367.973324
1671095367.992933
1671095368.018027
1671095368.032178
1671095368.043483
1671095368.075036
1671095368.080158
1671095368.119741
1671095368.129679
1671095368.144542
1671095368.177966
1671095368.192904
1671095368.206434
1671095368.238520
1671095368.243520
1671095368.277671
1671095368.299212
1671095368.321732
1671095368.339773
1671095368.343505
1671095368.379506
1671095368.393125
1671095368.422004
1671095368.435784
1671095368.443529
1671095368.469260
1671095368.492438
1671095368.519544
1671095368.540721
1671095368.547294
1671095368.569134
1671095368.592407
1671095368.622102
1671095368.640559
1671095368.646045
1671095368.677083
1671095368.703871
1671095368.717997
1671095368.720975
1671095368.750256
1671095368.768636
1671095368.797928
1671095368.823308
1671095368.835356
1671095368.853563
1671095368.869947
1671095368.893389
1671095368.922330
1671095368.929021
1671095368.956126
1671095368.968732
1671095368.996990
1671095369.018441
1671095369.022440
1671095369.044307
1671095369.068585
1671095369.092970
1671095369.122860
1671095369.129263
1671095369.143990
1671095369.176061
1671095369.193135
1671095369.220650
1671095369.223585
1671095369.243704
1671095369.279372
1671095369.293144
1671095369.320959
1671095369.340585
1671095369.343850
1671095369.376780
1671095369.393305
1671095369.421936
1671095369.428563
1671095369.460624
1671095369.477711
1671095369.492655
1671095369.522083
1671095369.541419
1671095369.548335
1671095369.579262
1671095369.593098
1671095369.622376
1671095369.635985
1671095369.659846
1671095369.669299
1671095369.696129
1671095369.721414
1671095369.738323
1671095369.744248
1671095369.780057
1671095369.793373
1671095369.820423
1671095369.839710
1671095369.846304
1671095369.869122
1671095369.899711
1671095369.922106
1671095369.929487
1671095369.949301
1671095369.968696
1671095370.000398
1671095370.022119
1671095370.035341
1671095370.053906
1671095370.070062
1671095370.093175
1671095370.118865
1671095370.123285
1671095370.144253
1671095370.176255
1671095370.193375
1671095370.221107
1671095370.227254
1671095370.243656
1671095370.274824
1671095370.307817
1671095370.320962
1671095370.335809
1671095370.343660
1671095370.377648
1671095370.393144
1671095370.422894
1671095370.436563
1671095370.443717
1671095370.476817
1671095370.493022
1671095370.519833
1671095370.530400
1671095370.544864
1671095370.582536
1671095370.593152
1671095370.623474
1671095370.636859
1671095370.654920
1671095370.677292
1671095370.692500
1671095370.720379
1671095370.736994
1671095370.744052
1671095370.769666
1671095370.792658
1671095370.821957
1671095370.839255
1671095370.845832
1671095370.870482
1671095370.896482
1671095370.920551
1671095370.923730
1671095370.948580
1671095370.970974
1671095370.999190
1671095371.021576
1671095371.039530
1671095371.052512
1671095371.071250
1671095371.102070
1671095371.122188
1671095371.129736
1671095371.154542
