1671095306.598022
1671095306.616247
1671095306.637567
1671095306.656890
1671095306.673864
1671095306.696880
1671095306.718547
1671095306.733520
1671095306.755953
1671095306.775682
1671095306.798546
1671095306.816277
1671095306.835376
1671095306.857406
1671095306.879314
1671095306.894696
1671095306.915877
1671095306.936738
1671095306.954650
1671095306.980694
1671095306.996230
1671095307.018696
1671095307.035966
1671095307.057134
1671095307.074178
1671095307.096506
1671095307.118954
1671095307.136704
1671095307.154834
1671095307.188431
1671095307.196174
1671095307.221012
1671095307.233561
1671095307.257279
1671095307.281092
1671095307.296492
1671095307.319751
1671095307.334969
1671095307.356040
1671095307.383340
1671095307.393878
1671095307.421310
1671095307.435178
1671095307.455389
1671095307.476758
1671095307.496479
1671095307.515144
1671095307.535168
1671095307.555361
1671095307.577188
1671095307.593478
1671095307.615748
1671095307.640348
1671095307.656890
1671095307.679180
1671095307.694845
1671095307.716062
1671095307.737228
1671095307.754547
1671095307.779462
1671095307.796552
1671095307.816490
1671095307.835319
1671095307.856856
1671095307.874106
1671095307.894502
1671095307.916540
1671095307.937249
1671095307.954688
1671095307.976795
1671095307.996198
1671095308.018625
1671095308.035855
1671095308.056837
1671095308.073846
1671095308.095052
1671095308.119032
1671095308.136867
1671095308.153793
1671095308.174628
1671095308.196459
1671095308.221000
1671095308.233903
1671095308.255120
1671095308.280832
1671095308.295487
1671095308.318728
1671095308.334514
1671095308.356244
1671095308.377362
1671095308.395466
1671095308.414088
1671095308.435296
1671095308.455996
1671095308.478683
1671095308.494713
1671095308.515766
1671095308.537189
1671095308.554492
1671095308.575780
1671095308.595812
1671095308.617162
1671095308.633787
1671095308.655063
1671095308.676768
1671095308.693932
1671095308.716837
1671095308.736103
1671095308.757205
1671095308.775697
1671095308.795426
1671095308.819230
1671095308.835157
1671095308.856299
1671095308.879848
1671095308.895478
1671095308.919955
1671095308.936776
1671095308.954078
1671095308.976330
1671095308.996117
1671095309.014068
1671095309.035234
1671095309.056700
1671095309.073382
1671095309.095423
1671095309.116046
1671095309.138287
1671095309.154621
1671095309.175221
1671095309.196808
1671095309.214237
1671095309.237778
1671095309.256919
1671095309.278544
1671095309.294907
1671095309.316891
1671095309.337235
1671095309.355427
1671095309.378527
1671095309.405019
1671095309.414049
1671095309.435313
1671095309.456391
1671095309.478137
1671095309.494742
1671095309.515471
1671095309.536843
1671095309.555276
1671095309.578282
1671095309.596737
1671095309.615145
1671095309.635805
1671095309.656801
1671095309.678210
1671095309.694179
1671095309.716204
1671095309.736221
1671095309.756925
1671095309.779489
1671095309.795392
1671095309.815828
1671095309.838233
1671095309.855347
1671095309.880380
1671095309.893883
1671095309.914880
1671095309.942899
1671095309.957416
1671095309.974568
1671095309.995965
1671095310.015942
1671095310.036482
1671095310.057256
1671095310.079407
1671095310.094566
1671095310.118448
1671095310.136611
1671095310.154468
1671095310.174973
1671095310.195999
1671095310.215544
1671095310.235460
1671095310.256171
1671095310.277020
1671095310.296677
1671095310.315531
1671095310.336475
1671095310.354235
1671095310.374985
1671095310.396507
1671095310.416381
1671095310.436003
1671095310.456453
1671095310.479021
1671095310.494922
1671095310.516328
1671095310.537117
1671095310.554046
1671095310.575193
1671095310.596106
1671095310.616847
1671095310.637065
1671095310.655107
1671095310.676962
1671095310.697169
1671095310.720868
1671095310.735249
1671095310.756659
1671095310.784480
1671095310.799030
1671095310.818767
1671095310.837310
1671095310.857600
1671095310.876104
1671095310.897289
1671095310.915168
1671095310.937416
1671095310.956453
1671095310.974988
1671095311.000510
1671095311.016052
1671095311.037365
1671095311.055372
1671095311.077266
1671095311.094034
1671095311.115115
1671095311.137153
1671095311.156863
1671095311.175103
1671095311.195161
1671095311.216279
1671095311.238312
1671095311.257392
1671095311.274258
1671095311.301651
1671095311.318572
1671095311.333774
1671095311.355272
1671095311.376534
1671095311.395724
1671095311.414065
1671095311.435205
1671095311.456308
1671095311.482342
1671095311.494317
1671095311.515100
1671095311.536389
1671095311.554421
1671095311.574690
1671095311.596097
1671095311.614598
1671095311.635143
1671095311.657395
1671095311.677700
1671095311.694205
1671095311.718943
1671095311.737471
1671095311.754143
1671095311.776421
1671095311.796048
1671095311.814334
1671095311.835441
1671095311.857512
1671095311.878155
1671095311.894277
1671095311.917387
1671095311.936970
1671095311.957566
1671095311.976876
1671095311.995880
1671095312.016695
1671095312.034734
1671095312.055804
1671095312.082259
1671095312.094299
1671095312.115007
1671095312.135976
1671095312.157217
1671095312.180606
1671095312.195124
1671095312.216305
1671095312.237213
1671095312.257535
1671095312.274237
1671095312.296052
1671095312.316708
1671095312.334003
1671095312.355125
1671095312.376491
1671095312.396201
1671095312.416964
1671095312.434043
1671095312.456906
1671095312.476270
1671095312.504466
1671095312.514487
1671095312.537792
1671095312.556690
1671095312.580290
1671095312.595870
1671095312.617572
1671095312.635340
1671095312.657099
1671095312.677766
1671095312.694687
1671095312.716243
1671095312.737069
1671095312.755594
1671095312.775746
1671095312.795918
1671095312.819104
1671095312.835197
1671095312.855963
1671095312.876196
1671095312.897015
1671095312.919213
1671095312.935804
1671095312.962435
1671095312.977264
1671095312.995862
1671095313.018805
1671095313.035000
1671095313.055865
1671095313.081867
1671095313.094162
1671095313.114892
1671095313.138696
1671095313.157347
1671095313.174624
1671095313.194965
1671095313.216200
1671095313.236268
1671095313.258451
1671095313.273936
1671095313.294910
1671095313.316396
1671095313.338134
1671095313.354420
1671095313.380679
1671095313.396416
1671095313.417638
1671095313.436969
1671095313.457036
1671095313.474416
1671095313.495285
1671095313.516447
1671095313.538183
1671095313.554417
1671095313.577086
1671095313.595149
1671095313.615561
1671095313.637655
1671095313.655548
1671095313.677039
1671095313.695293
1671095313.715942
1671095313.737958
1671095313.757051
1671095313.779426
1671095313.795200
1671095313.820014
1671095313.836830
1671095313.856514
1671095313.877043
1671095313.897291
1671095313.919310
1671095313.935276
1671095313.956585
1671095313.986067
1671095313.994001
1671095314.019030
1671095314.035149
1671095314.060761
1671095314.079714
1671095314.095258
1671095314.116624
1671095314.143577
1671095314.154038
1671095314.175420
1671095314.196352
1671095314.217763
1671095314.234650
1671095314.256193
1671095314.276014
1671095314.294441
1671095314.316287
1671095314.336916
1671095314.354568
1671095314.380699
1671095314.396797
1671095314.416935
1671095314.437201
1671095314.455777
1671095314.477202
1671095314.495648
1671095314.518119
1671095314.536855
1671095314.557052
1671095314.574383
1671095314.597936
1671095314.616422
1671095314.637617
1671095314.655553
1671095314.679150
1671095314.704803
1671095314.714724
1671095314.737639
1671095314.756462
1671095314.781055
1671095314.795972
1671095314.818027
1671095314.837602
1671095314.856853
1671095314.874173
1671095314.896636
1671095314.923152
1671095314.937703
1671095314.955403
1671095314.976395
1671095315.008723
1671095315.014151
1671095315.035838
1671095315.056920
1671095315.081913
1671095315.097583
1671095315.114682
1671095315.136307
1671095315.159143
1671095315.180525
1671095315.195801
1671095315.223008
1671095315.234334
1671095315.256061
1671095315.280927
1671095315.296705
1671095315.316180
1671095315.338761
1671095315.355901
1671095315.375851
1671095315.397180
1671095315.414554
1671095315.435137
1671095315.457152
1671095315.484541
1671095315.495677
1671095315.517015
1671095315.538237
1671095315.556034
1671095315.575892
1671095315.597111
1671095315.614192
1671095315.635208
1671095315.656868
1671095315.684154
1671095315.698766
1671095315.714785
1671095315.737224
1671095315.757808
1671095315.780552
1671095315.795811
1671095315.823488
1671095315.834801
1671095315.856743
1671095315.881095
1671095315.896293
1671095315.916331
1671095315.937744
1671095315.954882
1671095315.975731
1671095315.996562
1671095316.016871
1671095316.038163
1671095316.057056
1671095316.077752
1671095316.096898
1671095316.118966
1671095316.136145
1671095316.157036
1671095316.174266
1671095316.195936
1671095316.222716
1671095316.237607
1671095316.257049
1671095316.281032
1671095316.294639
1671095316.317332
1671095316.336937
1671095316.354872
1671095316.382108
1671095316.399411
1671095316.414750
1671095316.436610
1671095316.456862
1671095316.480874
1671095316.494910
1671095316.517315
1671095316.537962
1671095316.557693
1671095316.575319
1671095316.596715
1671095316.614419
1671095316.635999
1671095316.657726
1671095316.684579
1671095316.695360
1671095316.716323
1671095316.737533
1671095316.755248
1671095316.781106
1671095316.796294
1671095316.821301
1671095316.834485
1671095316.855674
1671095316.877236
1671095316.901097
1671095316.914798
1671095316.936759
1671095316.957001
1671095316.981064
1671095316.996088
1671095317.016907
1671095317.035316
1671095317.056476
1671095317.076844
1671095317.097492
1671095317.114477
1671095317.136590
1671095317.156512
1671095317.177431
1671095317.194749
1671095317.215903
1671095317.237194
1671095317.257816
1671095317.277937
1671095317.296278
1671095317.322851
1671095317.334411
1671095317.355969
1671095317.376529
1671095317.398264
1671095317.414951
1671095317.437183
1671095317.458115
1671095317.480845
1671095317.497463
1671095317.517275
1671095317.540415
1671095317.555323
1671095317.578234
1671095317.594838
1671095317.615990
1671095317.637104
1671095317.656412
1671095317.682022
1671095317.697620
1671095317.717836
1671095317.735862
1671095317.763077
1671095317.777310
1671095317.794570
1671095317.829350
1671095317.837075
1671095317.857302
1671095317.875147
1671095317.895758
1671095317.916585
1671095317.937699
1671095317.955484
1671095317.976096
1671095317.996027
1671095318.019240
1671095318.036953
1671095318.056419
1671095318.078196
1671095318.094197
1671095318.120221
1671095318.136472
1671095318.157630
1671095318.184934
1671095318.196026
1671095318.216636
1671095318.237769
1671095318.258312
1671095318.275026
1671095318.296372
1671095318.316917
1671095318.337840
1671095318.354851
1671095318.384482
1671095318.397067
1671095318.417470
1671095318.435241
1671095318.456089
1671095318.477513
1671095318.498747
1671095318.515311
1671095318.536853
1671095318.558166
1671095318.580461
1671095318.595999
1671095318.616740
1671095318.637176
1671095318.656731
1671095318.676745
1671095318.700518
1671095318.715317
1671095318.735420
1671095318.757409
1671095318.780596
1671095318.796395
1671095318.815294
1671095318.837646
1671095318.857383
1671095318.878303
1671095318.894589
1671095318.920709
1671095318.936904
1671095318.958068
1671095318.980999
1671095318.997154
1671095319.019464
1671095319.036198
1671095319.057433
1671095319.080883
1671095319.095811
1671095319.116920
1671095319.138023
1671095319.157311
1671095319.175442
1671095319.201471
1671095319.217603
1671095319.236492
1671095319.258503
1671095319.274913
1671095319.299050
1671095319.320806
1671095319.334534
1671095319.356967
1671095319.377061
1671095319.397975
1671095319.417199
1671095319.436546
1671095319.457760
1671095319.474678
1671095319.496096
1671095319.516541
1671095319.534665
1671095319.556243
1671095319.579250
1671095319.597827
1671095319.617203
1671095319.637260
1671095319.658027
1671095319.675308
1671095319.696294
1671095319.716747
1671095319.738520
1671095319.755209
1671095319.780702
1671095319.797098
1671095319.817733
1671095319.837079
1671095319.857931
1671095319.876884
1671095319.896326
1671095319.917047
1671095319.937868
1671095319.955268
1671095319.984968
1671095319.997307
1671095320.019026
1671095320.035816
1671095320.057946
1671095320.075067
1671095320.095409
1671095320.120663
1671095320.137887
1671095320.154512
1671095320.177001
1671095320.196529
1671095320.220661
1671095320.237314
1671095320.256663
1671095320.276704
1671095320.295094
1671095320.319763
1671095320.337367
1671095320.355094
1671095320.376752
1671095320.396957
1671095320.417465
1671095320.444334
1671095320.457036
1671095320.477615
1671095320.494530
1671095320.516078
1671095320.537137
1671095320.558438
1671095320.575206
1671095320.596984
1671095320.617077
1671095320.644069
1671095320.657123
1671095320.677878
1671095320.697720
1671095320.718303
1671095320.742589
1671095320.757182
1671095320.778041
1671095320.796976
1671095320.815329
1671095320.844110
1671095320.857587
1671095320.877717
1671095320.896425
1671095320.920882
1671095320.944251
1671095320.955191
1671095320.980718
1671095320.996899
1671095321.015088
1671095321.036248
1671095321.057318
1671095321.074437
1671095321.096971
1671095321.116634
1671095321.137494
1671095321.155025
1671095321.175890
1671095321.197275
1671095321.214482
1671095321.236676
1671095321.257376
1671095321.276390
1671095321.295493
1671095321.320582
1671095321.337714
1671095321.361699
1671095321.376328
1671095321.397542
1671095321.421852
1671095321.437509
1671095321.457409
1671095321.477447
1671095321.494933
1671095321.517176
1671095321.537024
1671095321.558640
1671095321.584316
1671095321.597730
1671095321.616480
1671095321.636457
1671095321.657376
1671095321.675045
1671095321.695582
1671095321.717847
1671095321.735071
1671095321.756635
1671095321.780774
1671095321.798720
1671095321.817480
1671095321.835485
1671095321.857674
1671095321.879180
1671095321.895315
1671095321.916398
1671095321.937771
1671095321.959338
1671095321.974714
1671095321.996061
1671095322.017095
1671095322.035516
1671095322.057379
1671095322.078492
1671095322.096287
1671095322.117558
1671095322.137633
1671095322.158702
1671095322.180932
1671095322.201056
1671095322.217835
1671095322.234714
1671095322.257035
1671095322.276115
1671095322.298958
1671095322.316806
1671095322.337863
1671095322.355464
1671095322.376126
1671095322.397054
1671095322.420714
1671095322.438204
1671095322.457278
1671095322.482386
1671095322.498655
1671095322.523847
1671095322.536470
1671095322.557398
1671095322.575022
1671095322.598457
1671095322.620303
1671095322.636297
1671095322.657187
1671095322.674854
1671095322.696026
1671095322.723108
1671095322.738195
1671095322.754927
1671095322.780867
1671095322.797141
1671095322.816623
1671095322.838557
1671095322.856575
1671095322.878551
1671095322.900630
1671095322.924602
1671095322.937234
1671095322.957964
1671095322.975157
1671095322.997132
1671095323.017140
1671095323.039044
1671095323.056604
1671095323.078240
1671095323.094702
1671095323.117671
1671095323.137923
1671095323.157935
1671095323.174907
1671095323.196817
1671095323.217803
1671095323.237644
1671095323.256536
1671095323.275190
1671095323.297112
1671095323.317147
1671095323.340959
1671095323.355727
1671095323.380871
1671095323.396477
1671095323.415291
1671095323.436328
1671095323.457708
1671095323.474830
1671095323.497731
1671095323.517438
1671095323.537948
1671095323.555121
1671095323.581904
1671095323.596843
1671095323.615215
1671095323.636545
1671095323.658238
1671095323.675664
1671095323.695754
1671095323.717929
1671095323.738516
1671095323.756361
1671095323.780952
1671095323.798209
1671095323.816451
1671095323.836612
1671095323.858346
1671095323.880617
1671095323.895827
1671095323.917147
1671095323.938276
1671095323.955291
1671095323.977016
1671095323.996850
1671095324.018926
1671095324.036262
1671095324.056605
1671095324.083224
1671095324.095155
1671095324.115524
1671095324.137601
1671095324.158275
1671095324.175224
1671095324.196284
1671095324.217278
1671095324.237053
1671095324.258430
1671095324.275241
1671095324.296319
1671095324.317537
1671095324.336237
1671095324.356390
1671095324.378430
1671095324.402778
1671095324.422637
1671095324.435986
1671095324.456574
1671095324.477784
1671095324.495458
1671095324.515867
1671095324.538899
1671095324.558465
1671095324.575155
1671095324.597563
1671095324.616958
1671095324.638087
1671095324.657853
1671095324.675255
1671095324.697625
1671095324.717948
1671095324.735158
1671095324.756577
1671095324.776923
1671095324.799433
1671095324.817750
1671095324.837611
1671095324.858629
1671095324.880698
1671095324.896253
1671095324.917515
1671095324.938646
1671095324.955915
1671095324.976654
1671095324.997179
1671095325.018163
1671095325.037856
1671095325.058941
1671095325.075433
1671095325.096768
1671095325.117296
1671095325.138288
1671095325.155380
1671095325.181724
1671095325.198199
1671095325.219568
1671095325.236584
1671095325.257491
1671095325.284613
1671095325.295958
1671095325.321414
1671095325.338521
1671095325.360735
1671095325.376661
1671095325.397345
1671095325.417052
1671095325.436822
1671095325.457344
1671095325.479324
1671095325.495566
1671095325.521236
1671095325.537551
1671095325.559049
1671095325.575671
1671095325.599148
1671095325.620914
1671095325.638051
1671095325.656583
1671095325.680979
1671095325.698418
1671095325.715472
1671095325.736483
1671095325.757851
1671095325.775386
1671095325.796702
1671095325.817523
1671095325.840705
1671095325.856714
1671095325.883023
1671095325.898718
1671095325.915489
1671095325.937178
1671095325.959941
1671095325.981248
1671095325.998697
1671095326.017565
1671095326.039107
1671095326.058127
1671095326.084312
1671095326.096610
1671095326.118154
1671095326.135794
1671095326.156471
1671095326.182473
1671095326.199206
1671095326.215983
1671095326.237473
1671095326.258607
1671095326.275288
1671095326.297072
1671095326.316882
1671095326.338444
1671095326.355521
1671095326.381182
1671095326.398661
1671095326.415298
1671095326.437758
1671095326.457640
1671095326.475865
1671095326.497323
1671095326.518630
1671095326.536813
1671095326.557556
1671095326.579321
1671095326.600349
1671095326.616804
1671095326.643854
1671095326.657659
1671095326.676004
1671095326.698458
1671095326.718354
1671095326.737941
1671095326.758215
1671095326.775902
1671095326.798912
1671095326.821478
1671095326.837955
1671095326.858469
1671095326.883417
1671095326.896782
1671095326.924652
1671095326.939232
1671095326.955689
1671095326.979100
1671095326.999059
1671095327.024310
1671095327.037570
1671095327.058239
1671095327.075025
1671095327.101997
1671095327.120802
1671095327.138057
1671095327.155212
1671095327.176353
1671095327.199776
1671095327.220680
1671095327.235314
1671095327.258479
1671095327.288664
1671095327.295338
1671095327.320485
1671095327.338350
1671095327.355388
1671095327.376945
1671095327.397526
1671095327.420667
1671095327.436429
1671095327.457679
1671095327.480300
1671095327.495989
1671095327.516996
1671095327.543505
1671095327.558643
1671095327.576005
1671095327.598269
1671095327.617327
1671095327.642265
1671095327.658036
1671095327.675009
1671095327.696803
1671095327.717467
1671095327.738721
1671095327.756441
1671095327.776534
1671095327.797749
1671095327.817614
1671095327.836096
1671095327.858116
1671095327.880873
1671095327.895329
1671095327.917038
1671095327.938519
1671095327.959214
1671095327.977115
1671095328.002053
1671095328.017317
1671095328.038355
1671095328.057249
1671095328.078325
1671095328.102917
1671095328.116636
1671095328.136583
1671095328.157476
1671095328.178653
1671095328.195597
1671095328.217616
1671095328.240470
1671095328.258002
1671095328.281651
1671095328.296624
1671095328.317523
1671095328.340500
1671095328.356246
1671095328.378045
1671095328.398977
1671095328.422498
1671095328.438368
1671095328.456980
1671095328.478383
1671095328.495297
1671095328.516406
1671095328.538235
1671095328.558656
1671095328.580686
1671095328.600014
1671095328.617788
1671095328.638192
1671095328.656784
1671095328.678707
1671095328.699196
1671095328.715694
1671095328.736989
1671095328.758013
1671095328.775425
1671095328.797327
1671095328.816039
1671095328.838133
1671095328.857958
1671095328.884469
1671095328.896543
1671095328.919833
1671095328.939397
1671095328.956077
1671095328.977538
1671095328.996985
1671095329.015962
1671095329.036529
1671095329.057909
1671095329.075172
1671095329.096839
1671095329.117324
1671095329.139259
1671095329.155294
1671095329.179779
1671095329.198227
1671095329.223074
1671095329.237362
1671095329.258747
1671095329.275844
1671095329.297709
1671095329.319014
1671095329.335752
1671095329.362029
1671095329.388646
1671095329.398647
1671095329.418428
1671095329.437586
1671095329.457842
1671095329.476300
1671095329.496699
1671095329.517840
1671095329.539073
1671095329.561305
1671095329.578186
1671095329.599267
1671095329.618315
1671095329.636185
1671095329.657562
1671095329.678168
1671095329.698904
1671095329.716578
1671095329.737740
1671095329.758974
1671095329.780577
1671095329.796875
1671095329.818172
1671095329.837931
1671095329.857091
1671095329.879980
1671095329.897936
1671095329.918609
1671095329.937920
1671095329.958849
1671095329.979699
1671095329.999305
1671095330.016276
1671095330.037813
1671095330.058276
1671095330.075498
1671095330.096437
1671095330.120235
1671095330.138577
1671095330.155912
1671095330.176644
1671095330.197736
1671095330.218896
1671095330.235644
1671095330.257053
1671095330.282565
1671095330.298116
1671095330.316594
1671095330.336377
1671095330.357863
1671095330.380352
1671095330.398565
1671095330.416670
1671095330.437891
1671095330.458120
1671095330.482432
1671095330.496611
1671095330.517658
1671095330.538646
1671095330.557439
1671095330.582397
1671095330.598300
1671095330.617613
1671095330.640617
1671095330.658340
1671095330.678700
1671095330.696256
1671095330.720330
1671095330.738301
1671095330.755433
1671095330.776797
1671095330.800995
1671095330.818329
1671095330.840580
1671095330.858150
1671095330.876028
1671095330.896503
1671095330.923886
1671095330.938715
1671095330.956222
1671095330.976495
1671095330.997830
1671095331.018786
1671095331.037944
1671095331.059137
1671095331.076341
1671095331.097535
1671095331.120518
1671095331.136959
1671095331.156421
1671095331.177816
1671095331.199449
1671095331.215674
1671095331.238281
1671095331.257544
1671095331.275935
1671095331.298394
1671095331.318620
1671095331.335698
1671095331.357114
1671095331.382952
1671095331.397830
1671095331.420908
1671095331.437297
1671095331.458051
1671095331.481236
1671095331.496389
1671095331.517660
1671095331.539394
1671095331.555872
1671095331.576481
1671095331.598140
1671095331.615901
1671095331.637119
1671095331.658465
1671095331.681221
1671095331.697423
1671095331.718449
1671095331.738966
1671095331.757240
1671095331.776876
1671095331.797909
1671095331.820435
1671095331.838808
1671095331.856982
1671095331.878084
1671095331.899045
1671095331.916671
1671095331.937820
1671095331.959594
1671095331.981548
1671095331.997600
1671095332.017523
1671095332.039051
1671095332.057496
1671095332.079574
1671095332.096648
1671095332.116755
1671095332.138068
1671095332.159132
1671095332.176019
1671095332.198123
1671095332.218426
1671095332.235682
1671095332.258236
1671095332.278506
1671095332.297049
1671095332.316891
1671095332.338763
1671095332.359266
1671095332.375808
1671095332.397633
1671095332.418994
1671095332.440024
1671095332.463716
1671095332.479069
1671095332.496048
1671095332.516497
1671095332.538396
1671095332.559029
1671095332.581880
1671095332.599181
1671095332.617748
1671095332.636399
1671095332.657846
1671095332.681751
1671095332.696494
1671095332.718099
1671095332.738790
1671095332.757434
1671095332.782271
1671095332.797759
1671095332.817728
1671095332.840659
1671095332.857017
1671095332.878370
1671095332.899397
1671095332.917384
1671095332.938352
1671095332.958679
1671095332.980705
1671095332.996300
1671095333.018065
1671095333.038624
1671095333.059391
1671095333.081637
1671095333.096735
1671095333.118064
1671095333.139228
1671095333.156064
1671095333.180560
1671095333.198538
1671095333.225513
1671095333.236189
1671095333.256904
1671095333.282863
1671095333.298068
1671095333.322976
1671095333.336166
1671095333.357108
1671095333.381178
1671095333.397114
1671095333.417124
1671095333.437983
1671095333.458245
1671095333.475899
1671095333.498281
1671095333.517766
1671095333.538870
1671095333.555916
1671095333.582680
1671095333.598280
1671095333.619303
1671095333.638599
1671095333.660637
1671095333.677113
1671095333.696960
1671095333.719002
1671095333.735680
1671095333.756974
1671095333.778342
1671095333.797268
1671095333.819414
1671095333.836069
1671095333.857451
1671095333.878338
1671095333.899884
1671095333.918041
1671095333.938691
1671095333.958597
1671095333.981072
1671095333.998778
1671095334.019946
1671095334.041394
1671095334.058620
1671095334.083441
1671095334.099031
1671095334.117495
1671095334.136978
1671095334.158885
1671095334.188583
1671095334.197296
1671095334.220197
1671095334.238064
1671095334.258410
1671095334.282612
1671095334.298964
1671095334.318406
1671095334.338436
1671095334.358772
1671095334.379572
1671095334.398551
1671095334.421879
1671095334.438764
1671095334.458178
1671095334.483094
1671095334.499038
1671095334.517815
1671095334.537600
1671095334.558688
1671095334.577016
1671095334.604411
1671095334.617399
1671095334.639241
1671095334.657689
1671095334.679169
1671095334.696430
1671095334.717661
1671095334.737991
1671095334.758787
1671095334.775808
1671095334.796925
1671095334.817845
1671095334.837312
1671095334.859146
1671095334.875881
1671095334.896919
1671095334.917832
1671095334.939051
1671095334.956516
1671095334.977749
1671095334.998110
1671095335.018115
1671095335.040328
1671095335.057558
1671095335.078893
1671095335.096742
1671095335.116621
1671095335.138607
1671095335.158833
1671095335.176039
1671095335.197397
1671095335.218113
1671095335.239244
1671095335.258569
1671095335.277345
1671095335.301068
1671095335.318054
1671095335.339039
1671095335.357016
1671095335.377104
1671095335.398004
1671095335.418416
1671095335.438946
1671095335.457864
1671095335.478217
1671095335.500947
1671095335.516828
1671095335.537874
1671095335.559363
1671095335.575946
1671095335.597268
1671095335.618440
1671095335.637844
1671095335.660012
1671095335.676108
1671095335.697114
1671095335.718450
1671095335.735991
1671095335.756892
1671095335.778015
1671095335.800056
1671095335.818693
1671095335.838010
1671095335.859152
1671095335.875890
1671095335.898852
1671095335.918706
1671095335.939142
1671095335.956400
1671095335.978066
1671095335.998222
1671095336.019277
1671095336.037917
1671095336.059329
1671095336.083472
1671095336.097738
1671095336.118314
1671095336.139688
1671095336.156682
1671095336.184751
1671095336.201317
1671095336.217936
1671095336.239719
1671095336.260242
1671095336.275951
1671095336.300554
1671095336.318068
1671095336.335845
1671095336.357068
1671095336.378131
1671095336.399940
1671095336.422354
1671095336.438275
1671095336.458746
1671095336.476122
1671095336.497947
1671095336.521151
1671095336.539240
1671095336.556699
1671095336.577549
1671095336.599402
1671095336.621206
1671095336.639064
1671095336.658015
1671095336.680436
1671095336.699054
1671095336.720751
1671095336.737896
1671095336.759079
1671095336.784560
1671095336.796361
1671095336.822004
1671095336.837076
1671095336.860043
1671095336.879214
1671095336.896976
1671095336.918632
1671095336.939788
1671095336.956095
1671095336.979046
1671095336.998916
1671095337.019998
1671095337.039572
1671095337.059397
1671095337.076659
1671095337.097738
1671095337.119567
1671095337.137103
1671095337.157554
1671095337.179235
1671095337.199488
1671095337.217408
1671095337.238323
1671095337.259256
1671095337.280513
1671095337.298284
1671095337.322208
1671095337.339059
1671095337.357693
1671095337.376238
1671095337.397213
1671095337.418853
1671095337.436298
1671095337.458050
1671095337.478417
1671095337.505076
1671095337.516665
1671095337.537754
1671095337.558707
1671095337.579720
1671095337.601235
1671095337.616647
1671095337.637790
1671095337.659059
1671095337.680052
1671095337.697884
1671095337.719182
1671095337.736820
1671095337.757727
1671095337.778877
1671095337.800672
1671095337.816472
1671095337.837651
1671095337.858963
1671095337.878460
1671095337.904993
1671095337.920717
1671095337.937651
1671095337.958901
1671095337.991225
1671095337.996617
1671095338.020497
1671095338.038876
1671095338.057264
1671095338.078908
1671095338.100311
1671095338.120676
1671095338.140996
1671095338.157009
1671095338.184520
1671095338.197061
1671095338.218325
1671095338.240260
1671095338.260581
1671095338.279352
1671095338.298572
1671095338.320484
1671095338.338873
1671095338.359121
1671095338.380825
1671095338.397451
1671095338.418694
1671095338.439829
1671095338.458951
1671095338.477148
1671095338.499132
1671095338.526516
1671095338.540288
1671095338.558287
1671095338.579169
1671095338.600254
1671095338.619004
1671095338.645240
1671095338.659042
1671095338.703980
1671095338.704243
1671095338.720381
1671095338.739772
1671095338.759920
1671095338.778224
1671095338.798681
1671095338.819205
1671095338.840130
1671095338.858398
1671095338.884702
1671095338.896859
1671095338.923171
1671095338.939361
1671095338.972244
1671095338.977130
1671095338.998833
1671095339.022873
1671095339.037900
1671095339.060313
1671095339.076280
1671095339.097494
1671095339.121791
1671095339.139311
1671095339.156443
1671095339.177527
1671095339.198964
1671095339.217132
1671095339.237764
1671095339.258853
1671095339.278801
1671095339.296461
1671095339.317465
1671095339.338630
1671095339.359759
1671095339.378110
1671095339.398152
1671095339.418925
1671095339.438101
1671095339.459379
1671095339.476506
1671095339.497385
1671095339.519722
1671095339.540208
1671095339.556847
1671095339.578671
1671095339.598508
1671095339.622121
1671095339.638007
1671095339.658218
1671095339.676339
1671095339.697791
1671095339.722759
1671095339.739171
1671095339.764505
1671095339.783690
1671095339.799489
1671095339.822132
1671095339.837684
1671095339.858959
1671095339.877634
1671095339.897159
1671095339.918787
1671095339.939371
1671095339.957257
1671095339.978266
1671095339.999283
1671095340.018875
1671095340.037235
1671095340.058888
1671095340.082004
1671095340.096204
1671095340.117858
1671095340.138463
1671095340.161270
1671095340.177049
1671095340.197225
1671095340.218789
1671095340.240215
1671095340.259043
1671095340.279724
1671095340.296565
1671095340.317724
1671095340.338956
1671095340.357424
1671095340.378120
1671095340.398854
1671095340.418714
1671095340.438602
1671095340.459532
1671095340.477836
1671095340.497772
1671095340.518896
1671095340.536212
1671095340.557674
1671095340.579371
1671095340.598576
1671095340.620016
1671095340.637810
1671095340.658268
1671095340.680237
1671095340.700786
1671095340.717469
1671095340.739442
1671095340.759940
1671095340.776596
1671095340.799154
1671095340.816714
1671095340.838503
1671095340.859256
1671095340.884918
1671095340.896926
1671095340.918999
1671095340.945507
1671095340.957422
1671095340.978462
1671095340.998152
1671095341.019575
1671095341.036905
1671095341.058250
1671095341.079304
1671095341.100343
1671095341.116737
1671095341.137795
1671095341.159331
1671095341.177306
1671095341.197400
1671095341.218861
1671095341.238468
1671095341.259345
1671095341.286536
1671095341.296847
1671095341.317914
1671095341.339287
1671095341.356942
1671095341.381206
1671095341.398557
1671095341.425336
1671095341.438364
1671095341.459240
1671095341.481839
1671095341.497885
1671095341.522395
1671095341.540442
1671095341.557969
1671095341.578387
1671095341.598406
1671095341.620214
1671095341.637438
1671095341.658244
1671095341.679473
1671095341.696720
1671095341.717353
1671095341.738830
1671095341.759943
1671095341.776633
1671095341.798268
1671095341.822490
1671095341.838635
1671095341.859763
1671095341.882159
1671095341.898052
1671095341.919412
1671095341.937773
1671095341.957690
1671095341.978671
1671095342.006529
1671095342.016660
1671095342.038810
1671095342.060295
1671095342.077565
1671095342.098416
1671095342.122380
1671095342.136483
1671095342.159432
1671095342.179423
1671095342.196698
1671095342.218599
1671095342.239233
1671095342.258925
1671095342.277582
1671095342.299704
1671095342.321864
1671095342.340542
1671095342.357425
1671095342.378572
1671095342.398592
1671095342.422651
1671095342.437970
1671095342.465468
1671095342.476141
1671095342.497622
1671095342.522233
1671095342.536975
1671095342.558487
1671095342.584526
1671095342.596393
1671095342.622407
1671095342.644446
1671095342.661553
1671095342.682395
1671095342.697657
1671095342.718650
1671095342.739826
1671095342.756932
1671095342.777946
1671095342.802047
1671095342.826170
1671095342.838543
1671095342.859896
1671095342.877875
1671095342.899101
1671095342.918752
1671095342.939775
1671095342.957856
1671095342.978423
1671095342.998593
1671095343.019818
1671095343.039411
1671095343.059056
1671095343.077892
1671095343.098525
1671095343.119989
1671095343.141504
1671095343.156960
1671095343.178448
1671095343.199769
1671095343.217886
1671095343.239461
1671095343.260051
1671095343.285042
1671095343.298299
1671095343.319344
1671095343.339364
1671095343.360385
1671095343.379554
1671095343.401869
1671095343.419022
1671095343.437553
1671095343.459434
1671095343.480981
1671095343.500671
1671095343.520220
1671095343.539540
1671095343.557220
1671095343.582779
1671095343.599269
1671095343.618975
1671095343.640093
1671095343.659945
1671095343.680104
1671095343.697054
1671095343.718395
1671095343.739779
1671095343.760979
1671095343.777902
1671095343.802187
1671095343.820979
1671095343.841906
1671095343.859108
1671095343.880078
1671095343.900531
1671095343.917345
1671095343.938618
1671095343.959540
1671095343.977448
1671095344.001031
1671095344.019139
1671095344.040750
1671095344.058653
1671095344.081305
1671095344.096641
1671095344.117888
1671095344.139184
1671095344.160156
1671095344.176839
1671095344.198858
1671095344.219007
1671095344.246349
1671095344.259689
1671095344.277984
1671095344.302216
1671095344.318101
1671095344.339224
1671095344.359843
1671095344.376778
1671095344.398332
1671095344.422244
1671095344.437843
1671095344.459109
1671095344.480661
1671095344.497272
1671095344.518909
1671095344.539177
1671095344.559869
1671095344.576930
1671095344.598579
1671095344.622280
1671095344.645261
1671095344.660324
1671095344.677619
1671095344.698549
1671095344.723996
1671095344.741152
1671095344.756899
1671095344.778329
1671095344.800214
1671095344.822723
1671095344.839319
1671095344.860338
1671095344.878316
1671095344.898264
1671095344.922906
1671095344.940435
1671095344.958503
1671095344.979777
1671095344.999687
1671095345.022003
1671095345.037265
1671095345.059131
1671095345.079880
1671095345.099749
1671095345.122759
1671095345.140583
1671095345.160556
1671095345.177361
1671095345.197637
1671095345.223503
1671095345.241407
1671095345.258765
1671095345.277974
1671095345.299290
1671095345.322943
1671095345.337004
1671095345.358788
1671095345.379451
1671095345.400547
1671095345.417699
1671095345.440678
1671095345.458553
1671095345.485234
1671095345.500398
1671095345.517462
1671095345.538279
1671095345.559052
1671095345.586879
1671095345.600909
1671095345.617588
1671095345.639387
1671095345.659756
1671095345.677952
1671095345.697687
1671095345.719050
1671095345.740222
1671095345.757768
1671095345.777940
1671095345.799344
1671095345.820157
1671095345.837297
1671095345.858696
1671095345.879190
1671095345.900443
1671095345.917686
1671095345.938978
1671095345.961100
1671095345.978940
1671095345.998670
1671095346.017344
1671095346.038100
1671095346.060061
1671095346.078619
1671095346.097624
1671095346.118685
1671095346.139652
1671095346.157091
1671095346.177750
1671095346.199106
1671095346.221745
1671095346.239536
1671095346.259224
1671095346.277548
1671095346.298239
1671095346.319101
1671095346.340645
1671095346.358167
1671095346.379224
1671095346.400651
1671095346.417590
1671095346.439670
1671095346.459111
1671095346.480591
1671095346.500446
1671095346.517130
1671095346.538727
1671095346.559083
1671095346.580678
1671095346.599007
1671095346.617664
1671095346.638317
1671095346.659196
1671095346.678000
1671095346.698134
1671095346.719590
1671095346.740428
1671095346.757084
1671095346.779194
1671095346.799430
1671095346.819011
1671095346.840232
1671095346.860132
1671095346.880227
1671095346.900872
1671095346.917083
1671095346.938748
1671095346.959991
1671095346.982334
1671095346.998913
1671095347.017726
1671095347.040076
1671095347.058657
1671095347.079356
1671095347.096985
1671095347.118572
1671095347.142437
1671095347.160720
1671095347.177708
1671095347.198740
1671095347.222025
1671095347.240107
1671095347.259441
1671095347.285006
1671095347.297201
1671095347.318598
1671095347.341867
1671095347.357045
1671095347.384375
1671095347.399069
1671095347.423721
1671095347.439963
1671095347.460033
1671095347.479868
1671095347.500625
1671095347.523384
1671095347.540972
1671095347.565798
1671095347.580959
1671095347.597880
1671095347.625421
1671095347.639811
1671095347.661074
1671095347.678111
1671095347.698096
1671095347.719007
1671095347.740808
1671095347.757101
1671095347.781465
1671095347.799551
1671095347.820072
1671095347.839164
1671095347.858526
1671095347.880735
1671095347.900676
1671095347.917403
1671095347.939077
1671095347.958734
1671095347.980487
1671095347.998203
1671095348.019183
1671095348.040312
1671095348.060776
1671095348.076928
1671095348.098437
1671095348.119383
1671095348.140493
1671095348.157199
1671095348.178750
1671095348.199464
1671095348.217172
1671095348.240782
1671095348.260690
1671095348.280828
1671095348.298182
1671095348.319274
1671095348.338349
1671095348.357244
1671095348.380643
1671095348.400739
1671095348.420937
1671095348.437394
1671095348.459437
1671095348.481108
1671095348.497741
1671095348.521568
1671095348.539216
1671095348.561049
1671095348.577609
1671095348.599206
1671095348.619410
1671095348.640671
1671095348.659811
1671095348.680345
1671095348.701513
1671095348.717258
1671095348.739382
1671095348.760085
1671095348.777889
1671095348.798381
1671095348.819571
1671095348.837133
1671095348.859463
1671095348.880950
1671095348.897881
1671095348.919495
1671095348.941046
1671095348.958074
1671095348.982544
1671095349.000944
1671095349.017204
1671095349.038747
1671095349.059968
1671095349.076896
1671095349.105063
1671095349.119861
1671095349.139549
1671095349.158215
1671095349.179501
1671095349.200994
1671095349.217648
1671095349.239685
1671095349.259841
1671095349.276996
1671095349.298784
1671095349.321074
1671095349.339347
1671095349.360731
1671095349.379018
1671095349.399522
1671095349.420122
1671095349.441353
1671095349.459497
1671095349.479862
1671095349.500343
1671095349.518851
1671095349.539514
1671095349.559455
1671095349.580966
1671095349.597379
1671095349.619000
1671095349.638559
1671095349.660024
1671095349.680986
1671095349.703902
1671095349.718389
1671095349.739882
1671095349.761292
1671095349.778389
1671095349.800797
1671095349.821373
1671095349.844797
1671095349.858799
1671095349.879875
1671095349.900349
1671095349.921011
1671095349.938414
1671095349.960227
1671095349.981630
1671095349.997251
1671095350.019277
1671095350.038283
1671095350.059724
1671095350.076970
1671095350.098405
1671095350.120608
1671095350.140676
1671095350.157393
1671095350.178087
1671095350.199439
1671095350.220855
1671095350.237116
1671095350.258085
1671095350.284748
1671095350.305089
1671095350.321430
1671095350.340744
1671095350.358574
1671095350.380630
1671095350.403726
1671095350.417490
1671095350.439281
1671095350.459983
1671095350.477591
1671095350.498389
1671095350.519286
1671095350.540627
1671095350.557114
1671095350.578417
1671095350.599843
1671095350.620686
1671095350.639401
1671095350.661321
1671095350.688144
1671095350.699684
1671095350.724027
1671095350.741086
1671095350.758079
1671095350.778882
1671095350.800546
1671095350.820543
1671095350.839527
1671095350.860388
1671095350.877753
1671095350.898484
1671095350.919088
1671095350.940251
1671095350.958203
1671095350.981766
1671095351.002146
1671095351.020424
1671095351.039294
1671095351.062049
1671095351.078206
1671095351.101803
1671095351.119108
1671095351.140484
1671095351.157803
1671095351.178616
1671095351.200469
1671095351.217646
1671095351.238821
1671095351.260845
1671095351.277957
1671095351.300330
1671095351.321705
1671095351.340313
1671095351.358329
1671095351.379748
1671095351.400318
1671095351.421919
1671095351.438972
1671095351.464063
1671095351.478989
1671095351.499755
1671095351.526571
1671095351.538196
1671095351.558593
1671095351.580632
1671095351.601122
1671095351.617459
1671095351.639587
1671095351.659240
1671095351.678988
1671095351.700709
1671095351.722413
1671095351.741100
1671095351.759864
1671095351.781038
1671095351.799162
1671095351.820477
1671095351.837521
1671095351.859117
1671095351.880527
1671095351.899369
1671095351.918212
1671095351.941364
1671095351.960912
1671095351.979371
1671095351.999174
1671095352.020327
1671095352.037549
1671095352.059337
1671095352.080137
1671095352.097516
1671095352.120601
1671095352.139352
1671095352.161144
1671095352.177730
1671095352.198643
1671095352.221285
1671095352.239270
1671095352.260924
1671095352.277759
1671095352.298893
1671095352.319338
1671095352.340930
1671095352.358456
1671095352.381842
1671095352.401216
1671095352.425215
1671095352.438041
1671095352.460078
1671095352.483701
1671095352.502844
1671095352.518553
1671095352.539083
1671095352.560084
1671095352.581576
1671095352.599982
1671095352.619502
1671095352.638591
1671095352.659758
1671095352.680846
1671095352.698050
1671095352.719076
1671095352.744612
1671095352.760773
1671095352.777885
1671095352.799523
1671095352.825286
1671095352.840156
1671095352.859338
1671095352.880470
1671095352.904029
1671095352.923879
1671095352.938714
1671095352.959884
1671095352.982774
1671095352.999022
1671095353.019559
1671095353.038333
1671095353.069271
1671095353.077419
1671095353.098420
1671095353.119595
1671095353.140676
1671095353.158616
1671095353.178634
1671095353.199386
1671095353.228542
1671095353.238210
1671095353.260000
1671095353.279211
1671095353.298586
1671095353.324653
1671095353.340709
1671095353.367951
1671095353.378641
1671095353.400388
1671095353.419533
1671095353.438926
1671095353.460896
1671095353.480850
1671095353.500752
1671095353.519983
1671095353.544769
1671095353.557803
1671095353.579441
1671095353.600440
1671095353.620859
1671095353.639018
1671095353.659274
1671095353.678467
1671095353.700214
1671095353.721642
1671095353.739031
1671095353.759490
1671095353.781377
1671095353.799484
1671095353.823596
1671095353.837816
1671095353.860535
1671095353.880192
1671095353.900713
1671095353.919291
1671095353.939464
1671095353.960226
1671095353.981291
1671095353.999315
1671095354.021110
1671095354.038222
1671095354.059833
1671095354.080620
1671095354.098352
1671095354.118879
1671095354.139495
1671095354.160958
1671095354.183331
1671095354.198648
1671095354.220087
1671095354.240671
1671095354.260360
1671095354.284539
1671095354.304750
1671095354.317706
1671095354.339275
1671095354.360298
1671095354.381540
1671095354.399466
1671095354.419721
1671095354.441254
1671095354.459474
1671095354.484671
1671095354.500720
1671095354.518450
1671095354.539701
1671095354.560854
1671095354.584748
1671095354.597710
1671095354.619842
1671095354.639477
1671095354.660973
1671095354.678740
1671095354.700836
1671095354.720433
1671095354.741794
1671095354.757821
1671095354.778920
1671095354.808011
1671095354.818610
1671095354.841179
1671095354.861095
1671095354.878513
1671095354.899693
1671095354.920921
1671095354.938725
1671095354.958949
1671095354.985281
1671095355.007523
1671095355.017850
1671095355.039587
1671095355.060684
1671095355.080147
1671095355.097486
1671095355.118690
1671095355.141774
1671095355.160727
1671095355.178094
1671095355.199524
1671095355.220886
1671095355.238390
1671095355.261237
1671095355.280690
1671095355.302228
1671095355.318707
1671095355.341412
1671095355.358104
1671095355.379921
1671095355.400940
1671095355.419977
1671095355.441111
1671095355.460135
1671095355.480846
1671095355.504461
1671095355.518337
1671095355.539887
1671095355.561048
1671095355.583723
1671095355.599380
1671095355.620507
1671095355.639452
1671095355.660787
1671095355.688445
1671095355.698869
1671095355.719539
1671095355.740862
1671095355.758923
1671095355.778778
1671095355.800033
1671095355.821013
1671095355.839301
1671095355.861976
1671095355.886552
1671095355.897848
1671095355.919126
1671095355.941113
1671095355.961037
1671095355.984475
1671095356.007928
1671095356.020153
1671095356.038914
1671095356.060204
1671095356.084193
1671095356.098606
1671095356.119367
1671095356.140532
1671095356.160868
1671095356.178901
1671095356.200661
1671095356.220831
1671095356.237690
1671095356.258694
1671095356.280808
1671095356.301262
1671095356.324175
1671095356.338179
1671095356.359588
1671095356.380245
1671095356.399211
1671095356.426718
1671095356.440342
1671095356.461510
1671095356.481193
1671095356.501826
1671095356.523840
1671095356.537746
1671095356.560622
1671095356.584807
1671095356.600787
1671095356.623360
1671095356.640249
1671095356.658759
1671095356.681769
1671095356.701146
1671095356.724397
1671095356.738765
1671095356.760929
1671095356.782866
1671095356.798045
1671095356.822561
1671095356.841321
1671095356.862679
1671095356.883316
1671095356.898988
1671095356.921621
1671095356.941611
1671095356.958066
1671095356.982157
1671095357.000526
1671095357.027131
1671095357.039882
1671095357.061999
1671095357.078635
1671095357.100079
1671095357.121706
1671095357.140703
1671095357.159236
1671095357.179840
1671095357.208726
1671095357.219024
1671095357.239994
1671095357.261459
1671095357.278190
1671095357.301386
1671095357.324402
1671095357.340859
1671095357.358676
1671095357.380719
1671095357.401463
1671095357.426017
1671095357.441064
1671095357.460549
1671095357.480464
1671095357.499146
1671095357.526075
1671095357.538315
1671095357.558769
1671095357.580962
1671095357.601461
1671095357.620217
1671095357.640845
1671095357.659326
1671095357.681049
1671095357.702869
1671095357.718267
1671095357.740021
1671095357.761659
1671095357.784077
1671095357.802807
1671095357.820715
1671095357.839463
1671095357.861571
1671095357.878002
1671095357.900412
1671095357.920389
1671095357.943697
1671095357.968158
1671095357.979340
1671095358.003988
1671095358.022584
1671095358.039835
1671095358.061141
1671095358.079009
1671095358.101050
1671095358.120710
1671095358.142328
1671095358.158521
1671095358.180485
1671095358.200543
1671095358.224925
1671095358.240125
1671095358.261196
1671095358.278367
1671095358.299873
1671095358.323397
1671095358.337914
1671095358.359497
1671095358.380575
1671095358.401343
1671095358.420702
1671095358.439876
1671095358.461250
1671095358.482886
1671095358.500377
1671095358.520965
1671095358.538775
1671095358.559413
1671095358.580661
1671095358.602137
1671095358.618097
1671095358.641099
1671095358.661622
1671095358.678886
1671095358.701999
1671095358.721043
1671095358.738936
1671095358.759181
1671095358.780542
1671095358.799805
1671095358.818307
1671095358.840538
1671095358.861026
1671095358.878499
1671095358.902921
1671095358.921063
1671095358.941496
1671095358.958363
1671095358.984383
1671095359.006162
1671095359.020624
1671095359.038630
1671095359.061252
1671095359.081006
1671095359.099417
1671095359.120613
1671095359.139910
1671095359.161432
1671095359.180839
1671095359.200012
1671095359.220342
1671095359.241171
1671095359.262300
1671095359.279865
1671095359.300222
1671095359.321529
1671095359.338003
1671095359.360039
1671095359.380764
1671095359.401088
1671095359.418292
1671095359.439389
1671095359.460487
1671095359.480633
1671095359.504439
1671095359.520980
1671095359.541979
1671095359.561318
1671095359.581709
1671095359.598996
1671095359.619867
1671095359.641029
1671095359.658895
1671095359.680975
1671095359.702775
1671095359.718835
1671095359.740960
1671095359.761652
1671095359.778425
1671095359.801908
1671095359.821456
1671095359.839878
1671095359.861759
1671095359.888918
1671095359.901648
1671095359.923665
1671095359.940288
1671095359.957821
1671095359.980001
1671095360.001825
1671095360.021943
1671095360.040197
1671095360.060240
1671095360.082760
1671095360.099682
1671095360.118283
1671095360.140060
1671095360.162951
1671095360.181623
1671095360.199369
1671095360.220591
1671095360.237953
1671095360.268801
1671095360.280533
1671095360.301705
1671095360.321374
1671095360.338221
1671095360.361329
1671095360.381444
1671095360.398945
1671095360.429018
1671095360.440580
1671095360.461406
1671095360.480996
1671095360.501566
1671095360.519272
1671095360.539466
1671095360.560937
1671095360.578045
1671095360.600951
1671095360.624041
1671095360.638529
1671095360.665821
1671095360.682699
1671095360.701292
1671095360.727535
1671095360.739574
1671095360.766807
1671095360.778112
1671095360.799796
1671095360.823395
1671095360.840642
1671095360.861658
1671095360.883963
1671095360.901054
1671095360.922605
1671095360.938951
1671095360.959346
1671095360.980862
1671095361.001507
1671095361.018591
1671095361.040544
1671095361.066622
1671095361.081288
1671095361.098297
1671095361.119087
1671095361.140832
1671095361.165104
1671095361.178242
1671095361.199513
1671095361.221816
1671095361.242513
1671095361.260662
1671095361.279644
1671095361.300068
1671095361.320045
1671095361.341591
1671095361.358523
1671095361.379234
1671095361.400787
1671095361.421268
1671095361.440907
1671095361.461363
1671095361.478527
1671095361.500479
1671095361.520829
1671095361.542470
1671095361.558772
1671095361.579591
1671095361.600636
1671095361.621259
1671095361.640328
1671095361.662673
1671095361.679369
1671095361.700861
1671095361.720784
1671095361.742431
1671095361.759474
1671095361.785954
1671095361.800686
1671095361.821615
1671095361.840438
1671095361.861928
1671095361.881751
1671095361.902927
1671095361.921314
1671095361.938595
1671095361.959774
1671095361.984711
1671095362.000158
1671095362.020895
1671095362.038982
1671095362.060246
1671095362.082008
1671095362.098814
1671095362.121610
1671095362.140581
1671095362.161366
1671095362.179340
1671095362.199463
1671095362.220508
1671095362.241958
1671095362.260357
1671095362.279439
1671095362.301073
1671095362.321547
1671095362.338649
1671095362.359738
1671095362.382208
1671095362.400366
1671095362.418754
1671095362.441233
1671095362.460742
1671095362.482844
1671095362.498688
1671095362.520122
1671095362.541248
1671095362.558886
1671095362.581635
1671095362.601298
1671095362.620442
1671095362.640975
1671095362.661972
1671095362.684690
1671095362.700346
1671095362.720555
1671095362.741421
1671095362.759127
1671095362.779523
1671095362.803892
1671095362.822793
1671095362.839834
1671095362.860801
1671095362.878484
1671095362.899849
1671095362.923185
1671095362.942566
1671095362.959365
1671095362.980061
1671095363.000401
1671095363.021654
1671095363.040323
1671095363.067154
1671095363.078433
1671095363.099472
1671095363.122382
1671095363.138322
1671095363.165353
1671095363.180680
1671095363.201645
1671095363.218663
1671095363.240423
1671095363.266769
1671095363.280398
1671095363.302959
1671095363.322549
1671095363.340561
1671095363.362405
1671095363.379367
1671095363.399634
1671095363.420949
1671095363.440265
1671095363.461865
1671095363.485681
1671095363.501379
1671095363.521596
1671095363.538893
1671095363.559967
1671095363.582289
1671095363.602790
1671095363.618853
1671095363.640671
1671095363.660590
1671095363.681360
1671095363.704253
1671095363.719001
1671095363.740041
1671095363.760801
1671095363.781881
1671095363.800319
1671095363.820148
1671095363.840353
1671095363.861284
1671095363.878612
1671095363.900644
1671095363.922796
1671095363.941265
1671095363.959077
1671095363.980650
1671095364.012619
1671095364.022463
1671095364.041730
1671095364.060816
1671095364.081481
1671095364.099758
1671095364.120096
1671095364.140516
1671095364.162303
1671095364.179000
1671095364.200552
1671095364.220688
1671095364.241572
1671095364.260786
1671095364.279666
1671095364.301942
1671095364.321299
1671095364.339677
1671095364.360687
1671095364.381629
1671095364.401019
1671095364.421088
1671095364.442135
1671095364.460805
1671095364.481609
1671095364.501717
1671095364.523281
1671095364.540362
1671095364.561802
1671095364.579480
1671095364.601272
1671095364.622804
1671095364.639522
1671095364.662278
1671095364.679090
1671095364.699686
1671095364.720806
1671095364.741925
1671095364.758923
1671095364.781075
1671095364.803930
1671095364.820668
1671095364.839818
1671095364.861284
1671095364.878292
1671095364.904136
1671095364.921438
1671095364.942080
1671095364.962673
1671095364.979932
1671095365.000977
1671095365.022943
1671095365.040576
1671095365.062270
1671095365.079005
1671095365.099556
1671095365.121142
1671095365.139258
1671095365.159904
1671095365.180852
1671095365.202666
1671095365.220296
1671095365.240543
1671095365.261630
1671095365.280473
1671095365.302555
1671095365.322104
1671095365.338989
1671095365.360648
1671095365.381824
1671095365.401490
1671095365.420426
1671095365.441348
1671095365.461871
1671095365.479661
1671095365.500580
1671095365.525700
1671095365.544730
1671095365.565105
1671095365.580096
1671095365.600824
1671095365.621830
1671095365.640735
1671095365.661695
1671095365.679597
1671095365.700757
1671095365.722432
1671095365.738842
1671095365.759926
1671095365.789603
1671095365.800853
1671095365.819142
1671095365.844194
1671095365.861814
1671095365.878550
1671095365.900636
1671095365.921071
1671095365.942861
1671095365.958852
1671095365.981029
1671095366.000331
1671095366.023096
1671095366.040046
1671095366.062119
1671095366.078689
1671095366.100114
1671095366.122876
1671095366.141670
1671095366.158998
1671095366.181549
1671095366.201169
1671095366.222581
1671095366.240532
1671095366.261188
1671095366.280833
1671095366.301806
1671095366.322783
1671095366.339147
1671095366.360676
1671095366.381708
1671095366.401747
1671095366.423135
1671095366.441560
1671095366.460362
1671095366.482508
1671095366.501504
1671095366.522816
1671095366.544985
1671095366.562756
1671095366.580779
1671095366.600764
1671095366.620601
1671095366.641345
1671095366.661204
1671095366.682451
1671095366.698972
1671095366.720093
1671095366.744718
1671095366.759416
1671095366.788790
1671095366.802607
1671095366.823072
1671095366.844470
1671095366.861775
1671095366.879266
1671095366.900470
1671095366.930261
1671095366.942343
1671095366.958769
1671095366.982162
1671095367.002348
1671095367.020723
1671095367.040626
1671095367.062972
1671095367.078860
1671095367.100707
1671095367.121454
1671095367.141494
1671095367.160504
1671095367.181058
1671095367.202694
1671095367.221673
1671095367.240155
1671095367.261594
1671095367.280573
1671095367.301037
1671095367.320324
1671095367.339791
1671095367.360901
1671095367.388656
1671095367.399840
1671095367.422876
1671095367.440532
1671095367.462059
1671095367.479253
1671095367.501581
1671095367.522802
1671095367.539243
1671095367.559991
1671095367.581426
1671095367.601678
1671095367.628455
1671095367.640926
1671095367.661967
1671095367.678998
1671095367.701682
1671095367.721800
1671095367.739089
1671095367.759920
1671095367.786605
1671095367.801582
1671095367.819014
1671095367.840297
1671095367.862209
1671095367.879925
1671095367.900209
1671095367.920909
1671095367.942389
1671095367.959540
1671095367.980268
1671095368.000729
1671095368.019545
1671095368.041290
1671095368.061629
1671095368.078625
1671095368.100465
1671095368.120964
1671095368.142366
1671095368.159586
1671095368.180014
1671095368.201479
1671095368.222002
1671095368.241495
1671095368.261837
1671095368.285572
1671095368.300719
1671095368.322765
1671095368.341128
1671095368.360686
1671095368.381582
1671095368.402449
1671095368.422916
1671095368.440378
1671095368.461418
1671095368.479118
1671095368.502726
1671095368.520578
1671095368.541673
1671095368.560438
1671095368.582747
1671095368.603305
1671095368.623118
1671095368.641438
1671095368.662096
1671095368.681710
1671095368.705006
1671095368.719096
1671095368.740315
1671095368.761826
1671095368.787212
1671095368.799124
1671095368.824201
1671095368.841361
1671095368.862456
1671095368.879778
1671095368.903497
1671095368.923428
1671095368.942320
1671095368.960416
1671095368.980506
1671095369.000713
1671095369.020796
1671095369.040129
1671095369.061523
1671095369.079443
1671095369.100002
1671095369.124093
1671095369.141896
1671095369.162305
1671095369.179902
1671095369.201359
1671095369.222262
1671095369.239696
1671095369.261070
1671095369.280940
1671095369.299448
1671095369.322447
1671095369.341702
1671095369.358965
1671095369.389779
1671095369.401132
1671095369.422892
1671095369.441226
1671095369.461847
1671095369.478659
1671095369.499871
1671095369.523194
1671095369.542565
1671095369.559342
1671095369.581506
1671095369.601734
1671095369.623163
1671095369.640645
1671095369.662069
1671095369.679968
1671095369.703370
1671095369.722643
1671095369.742765
1671095369.765411
1671095369.780857
1671095369.804991
1671095369.822406
1671095369.840753
1671095369.861489
1671095369.880087
1671095369.900933
1671095369.923067
1671095369.940072
1671095369.961124
1671095369.982458
1671095370.001262
1671095370.023062
1671095370.042149
1671095370.061968
1671095370.079326
1671095370.102973
1671095370.120811
1671095370.142111
1671095370.161615
1671095370.179747
1671095370.201156
1671095370.222098
1671095370.241165
1671095370.260929
1671095370.279686
1671095370.308820
1671095370.321967
1671095370.342366
1671095370.360579
1671095370.381693
1671095370.401263
1671095370.424168
1671095370.440088
1671095370.461394
1671095370.484540
1671095370.499784
1671095370.520784
1671095370.542797
1671095370.560600
1671095370.583375
1671095370.601192
1671095370.624349
1671095370.640639
1671095370.663207
1671095370.679310
1671095370.700843
1671095370.722100
1671095370.742833
1671095370.761192
1671095370.788829
1671095370.802099
1671095370.823034
1671095370.840683
1671095370.862136
1671095370.879503
1671095370.900389
1671095370.921750
1671095370.939107
1671095370.960910
1671095370.981724
1671095371.002828
1671095371.022600
1671095371.040648
1671095371.062700
1671095371.082505
1671095371.103068
1671095371.123076
1671095371.141406
1671095371.163462
