1671095306.727338
1671095306.824439
1671095306.924566
1671095307.025147
1671095307.125298
1671095307.225394
1671095307.325074
1671095307.424961
1671095307.525659
1671095307.624393
1671095307.725497
1671095307.825383
1671095307.925935
1671095308.025333
1671095308.125239
1671095308.225425
1671095308.325331
1671095308.425303
1671095308.525277
1671095308.624824
1671095308.725650
1671095308.825775
1671095308.924504
1671095309.025262
1671095309.125249
1671095309.225035
1671095309.325338
1671095309.425164
1671095309.525871
1671095309.625561
1671095309.725579
1671095309.825299
1671095309.924899
1671095310.025057
1671095310.125604
1671095310.225421
1671095310.325375
1671095310.426159
1671095310.526063
1671095310.626263
1671095310.725650
1671095310.825462
1671095310.925492
1671095311.026106
1671095311.125542
1671095311.225564
1671095311.325735
1671095311.425465
1671095311.524773
1671095311.625895
1671095311.725763
1671095311.825702
1671095311.925575
1671095312.025300
1671095312.125272
1671095312.225849
1671095312.325787
1671095312.425542
1671095312.525366
1671095312.626261
1671095312.726212
1671095312.824995
1671095312.925235
1671095313.025826
1671095313.125727
1671095313.224906
1671095313.325825
1671095313.425452
1671095313.526304
1671095313.624919
1671095313.725101
1671095313.825826
1671095313.925591
1671095314.024765
1671095314.125004
1671095314.225320
1671095314.325975
1671095314.426017
1671095314.525875
1671095314.625731
1671095314.725571
1671095314.826442
1671095314.925044
1671095315.025449
1671095315.125391
1671095315.226019
1671095315.325037
1671095315.426105
1671095315.525870
1671095315.626416
1671095315.726396
1671095315.825430
1671095315.925363
1671095316.026145
1671095316.125879
1671095316.226082
1671095316.325770
1671095316.425501
1671095316.525837
1671095316.625262
1671095316.726207
1671095316.826132
1671095316.926109
1671095317.026036
1671095317.126709
1671095317.225485
1671095317.326264
1671095317.426285
1671095317.526093
1671095317.626034
1671095317.726693
1671095317.825238
1671095317.925439
1671095318.025502
1671095318.126254
1671095318.226609
1671095318.326213
1671095318.425403
1671095318.526165
1671095318.626650
1671095318.726498
1671095318.826391
1671095318.925830
1671095319.026966
1671095319.126787
1671095319.225489
1671095319.326472
1671095319.426200
1671095319.526052
1671095319.626085
1671095319.725478
1671095319.826560
1671095319.926257
1671095320.025749
1671095320.126137
1671095320.226028
1671095320.326827
1671095320.425525
1671095320.525700
1671095320.625845
1671095320.726564
1671095320.825712
1671095320.925957
1671095321.025923
1671095321.126804
1671095321.226562
1671095321.325480
1671095321.426615
1671095321.526417
1671095321.626142
1671095321.726818
1671095321.827076
1671095321.926767
1671095322.025569
1671095322.126571
1671095322.226469
1671095322.326364
1671095322.426508
1671095322.526263
1671095322.626327
1671095322.726364
1671095322.827040
1671095322.927578
1671095323.027717
1671095323.126706
1671095323.226061
1671095323.326257
1671095323.427067
1671095323.525779
1671095323.626008
1671095323.726747
1671095323.826143
1671095323.926361
1671095324.026345
1671095324.126267
1671095324.227295
1671095324.327193
1671095324.425907
1671095324.526606
1671095324.626428
1671095324.726508
1671095324.827255
1671095324.925900
1671095325.027026
1671095325.127060
1671095325.226573
1671095325.326380
1671095325.426528
1671095325.527037
1671095325.626766
1671095325.726895
1671095325.826824
1671095325.926901
1671095326.027377
1671095326.126374
1671095326.227027
1671095326.326108
1671095326.426696
1671095326.526711
1671095326.626559
1671095326.727275
1671095326.827435
1671095326.926268
1671095327.026759
1671095327.127198
1671095327.226527
1671095327.326535
1671095327.427379
1671095327.526273
1671095327.627128
1671095327.727236
1671095327.826979
1671095327.926864
1671095328.026746
1671095328.126469
1671095328.227218
1671095328.327436
1671095328.427133
1671095328.527166
1671095328.626246
1671095328.726483
1671095328.827311
1671095328.927187
1671095329.027515
1671095329.126272
1671095329.227066
1671095329.326810
1671095329.426317
1671095329.527293
1671095329.627341
1671095329.727138
1671095329.826330
1671095329.926714
1671095330.027534
1671095330.127342
1671095330.226319
1671095330.327173
1671095330.426975
1671095330.528061
1671095330.626432
1671095330.727137
1671095330.827167
1671095330.927345
1671095331.027054
1671095331.126622
1671095331.226836
1671095331.327567
1671095331.427694
1671095331.527308
1671095331.627427
1671095331.727458
1671095331.826681
1671095331.926896
1671095332.027471
1671095332.126427
1671095332.227353
1671095332.327338
1671095332.427368
1671095332.527537
1671095332.627475
1671095332.726788
1671095332.827134
1671095332.928029
1671095333.027924
1671095333.126733
1671095333.227716
1671095333.327518
1671095333.428078
1671095333.528094
1671095333.626668
1671095333.727680
1671095333.827087
1671095333.927416
1671095334.027134
1671095334.126917
1671095334.227210
1671095334.327338
1671095334.428084
1671095334.526638
1671095334.628179
1671095334.727130
1671095334.827670
1671095334.927714
1671095335.027769
1671095335.128025
1671095335.227878
1671095335.327750
1671095335.426748
1671095335.526982
1671095335.627068
1671095335.726789
1671095335.827134
1671095335.927190
1671095336.028476
1671095336.127976
1671095336.227531
1671095336.327452
1671095336.428594
1671095336.527425
1671095336.628627
1671095336.727847
1671095336.827875
1671095336.927812
1671095337.028829
1671095337.126944
1671095337.227007
1671095337.327957
1671095337.428006
1671095337.527767
1671095337.628223
1671095337.727217
1671095337.828150
1671095337.928073
1671095338.028061
1671095338.128226
1671095338.228118
1671095338.327851
1671095338.427682
1671095338.527717
1671095338.627333
1671095338.727700
1671095338.828447
1671095338.927401
1671095339.027740
1671095339.128405
1671095339.227175
1671095339.328258
1671095339.428131
1671095339.528206
1671095339.628216
1671095339.727098
1671095339.827870
1671095339.927444
1671095340.027195
1671095340.127280
1671095340.227417
1671095340.328275
1671095340.428150
1671095340.528554
1671095340.628097
1671095340.728000
1671095340.827572
1671095340.928524
1671095341.027406
1671095341.128448
1671095341.228135
1671095341.328419
1671095341.428606
1671095341.528135
1671095341.628042
1671095341.728875
1671095341.828751
1671095341.927419
1671095342.028289
1671095342.128116
1671095342.228453
1671095342.328465
1671095342.428033
1671095342.528794
1671095342.628701
1671095342.727667
1671095342.828495
1671095342.928783
1671095343.028217
1671095343.128032
1671095343.228607
1671095343.327433
1671095343.428482
1671095343.528467
1671095343.628267
1671095343.728346
1671095343.827490
1671095343.928129
1671095344.028492
1671095344.128458
1671095344.227975
1671095344.328853
1671095344.427587
1671095344.529345
1671095344.628615
1671095344.728519
1671095344.827504
1671095344.927902
1671095345.028444
1671095345.127924
1671095345.227695
1671095345.328795
1671095345.427721
1671095345.529230
1671095345.627851
1671095345.728274
1671095345.828685
1671095345.928840
1671095346.028149
1671095346.128766
1671095346.228664
1671095346.329259
1671095346.430318
1671095346.529540
1671095346.628731
1671095346.728911
1671095346.829058
1671095346.928736
1671095347.027916
1671095347.130144
1671095347.228949
1671095347.329419
1671095347.428573
1671095347.528360
1671095347.628122
1671095347.729125
1671095347.828964
1671095347.927985
1671095348.029159
1671095348.129579
1671095348.228591
1671095348.328122
1671095348.428417
1671095348.529848
1671095348.629045
1671095348.728851
1671095348.828101
1671095348.928879
1671095349.028752
1671095349.130916
1671095349.228133
1671095349.328875
1671095349.428965
1671095349.528636
1671095349.628701
1671095349.729431
1671095349.828009
1671095349.929190
1671095350.029097
1671095350.129153
1671095350.230049
1671095350.328197
1671095350.429010
1671095350.528696
1671095350.628542
1671095350.729238
1671095350.829206
1671095350.929478
1671095351.029135
1671095351.128430
1671095351.228600
1671095351.329555
1671095351.429208
1671095351.529209
1671095351.628723
1671095351.729588
1671095351.829389
1671095351.929256
1671095352.029280
1671095352.128583
1671095352.228891
1671095352.329663
1671095352.429750
1671095352.529520
1671095352.629406
1671095352.729352
1671095352.830391
1671095352.928972
1671095353.028920
1671095353.128961
1671095353.229481
1671095353.329530
1671095353.428532
1671095353.529173
1671095353.630590
1671095353.729062
1671095353.828404
1671095353.928766
1671095354.029476
1671095354.129349
1671095354.229258
1671095354.328729
1671095354.428827
1671095354.529553
1671095354.629442
1671095354.729424
1671095354.829377
1671095354.929066
1671095355.029378
1671095355.128647
1671095355.228885
1671095355.329513
1671095355.429424
1671095355.529687
1671095355.630069
1671095355.728598
1671095355.829564
1671095355.929286
1671095356.029081
1671095356.128605
1671095356.228501
1671095356.329439
1671095356.429145
1671095356.529707
1671095356.629527
1671095356.729871
1671095356.829570
1671095356.929430
1671095357.029377
1671095357.129376
1671095357.228836
1671095357.328956
1671095357.429836
1671095357.529599
1671095357.629447
1671095357.728643
1671095357.829241
1671095357.930148
1671095358.029870
1671095358.129808
1671095358.229623
1671095358.329564
1671095358.429631
1671095358.529299
1671095358.628877
1671095358.730338
1671095358.829562
1671095358.929834
1671095359.030615
1671095359.129398
1671095359.229236
1671095359.330086
1671095359.428943
1671095359.529773
1671095359.629551
1671095359.729291
1671095359.830069
1671095359.929884
1671095360.029029
1671095360.129999
1671095360.229547
1671095360.329659
1671095360.429062
1671095360.529866
1671095360.629633
1671095360.729833
1671095360.828941
1671095360.929764
1671095361.030066
1671095361.130137
1671095361.230070
1671095361.329700
1671095361.429715
1671095361.529855
1671095361.629441
1671095361.729427
1671095361.830169
1671095361.930064
1671095362.029218
1671095362.130029
1671095362.229968
1671095362.330059
1671095362.429284
1671095362.529378
1671095362.629543
1671095362.730162
1671095362.830096
1671095362.929976
1671095363.029969
1671095363.130510
1671095363.229702
1671095363.330474
1671095363.430469
1671095363.530115
1671095363.630008
1671095363.729432
1671095363.830653
1671095363.930489
1671095364.029216
1671095364.130166
1671095364.230002
1671095364.330162
1671095364.430191
1671095364.529790
1671095364.629642
1671095364.730352
1671095364.830976
1671095364.929725
1671095365.030307
1671095365.129911
1671095365.230837
1671095365.329401
1671095365.430393
1671095365.530536
1671095365.630298
1671095365.729378
1671095365.830250
1671095365.930008
1671095366.030652
1671095366.130435
1671095366.229500
1671095366.330695
1671095366.430318
1671095366.530170
1671095366.630388
1671095366.730400
1671095366.830740
1671095366.930561
1671095367.029548
1671095367.130266
1671095367.230297
1671095367.330626
1671095367.430103
1671095367.530036
1671095367.630707
1671095367.731075
1671095367.829606
1671095367.930423
1671095368.030106
1671095368.130777
1671095368.229787
1671095368.330503
1671095368.430385
1671095368.530321
1671095368.629876
1671095368.730026
1671095368.830710
1671095368.930613
1671095369.030540
1671095369.130452
1671095369.230044
1671095369.330203
1671095369.430923
1671095369.530722
1671095369.630610
1671095369.730546
1671095369.830498
1671095369.930612
1671095370.030528
1671095370.130058
1671095370.230941
1671095370.330931
1671095370.430903
1671095370.530374
1671095370.630228
1671095370.730770
1671095370.830809
1671095370.930802
1671095371.030595
1671095371.130389
