1658907148.153042
1658907148.255469
1658907148.358127
1658907148.455364
1658907148.555650
1658907148.656338
1658907148.756183
1658907148.857349
1658907148.958275
1658907149.064286
1658907149.157195
1658907149.258634
1658907149.357328
1658907149.453008
1658907149.558144
1658907149.655394
1658907149.755642
1658907149.856182
1658907149.956400
1658907150.055280
1658907150.155593
1658907150.255441
1658907150.357187
1658907150.455339
1658907150.556522
1658907150.655281
1658907150.755326
1658907150.855315
1658907150.956157
1658907151.056315
1658907151.156286
1658907151.256461
1658907151.356257
1658907151.456157
1658907151.556149
1658907151.656065
1658907151.756142
1658907151.856436
1658907151.955290
1658907152.055080
1658907152.156044
1658907152.255288
1658907152.356407
1658907152.455275
1658907152.555371
1658907152.655031
1658907152.755149
1658907152.855306
1658907152.955262
1658907153.055026
1658907153.155746
1658907153.256018
1658907153.356077
1658907153.456424
1658907153.557058
1658907153.656170
1658907153.756106
1658907153.856104
1658907153.956072
1658907154.055002
1658907154.155466
1658907154.255458
1658907154.355466
1658907154.454880
1658907154.555939
1658907154.655061
1658907154.755029
1658907154.855505
1658907154.957159
1658907155.055037
1658907155.155179
1658907155.255265
1658907155.355986
1658907155.455995
1658907155.556458
1658907155.656724
1658907155.756009
1658907155.856051
1658907155.953972
1658907156.054808
1658907156.156365
1658907156.256147
1658907156.355350
1658907156.455246
1658907156.557096
1658907156.654685
1658907156.755255
1658907156.854726
1658907156.954991
1658907157.054868
1658907157.155039
1658907157.254988
1658907157.355006
1658907157.455554
1658907157.555303
1658907157.655668
1658907157.755764
1658907157.855814
1658907157.956095
1658907158.056016
1658907158.155654
1658907158.256018
1658907158.356885
1658907158.456688
1658907158.556218
1658907158.658711
1658907158.760132
1658907158.860793
1658907158.957676
1658907159.055792
1658907159.158880
1658907159.258225
1658907159.376153
1658907159.456184
1658907159.556157
1658907159.654559
1658907159.754900
1658907159.854742
1658907159.954805
1658907160.056958
1658907160.155666
1658907160.257575
1658907160.355816
1658907160.455865
1658907160.555512
1658907160.655498
1658907160.755414
1658907160.855785
1658907160.954786
1658907161.054779
1658907161.154444
1658907161.254678
1658907161.355094
1658907161.454765
1658907161.554991
1658907161.654554
1658907161.754745
1658907161.854768
1658907161.954587
1658907162.054570
1658907162.155042
1658907162.255066
1658907162.355426
1658907162.455815
1658907162.555766
1658907162.655725
1658907162.755484
1658907162.855559
1658907162.954639
1658907163.054397
1658907163.155965
1658907163.254855
1658907163.354403
1658907163.454681
1658907163.554555
1658907163.654205
1658907163.754477
1658907163.854665
1658907163.954525
1658907164.054558
1658907164.154335
1658907164.256701
1658907164.354945
1658907164.454506
1658907164.554409
1658907164.655651
1658907164.755571
1658907164.855690
1658907164.953651
1658907165.053544
1658907165.153680
1658907165.254446
1658907165.354667
1658907165.454825
1658907165.555929
1658907165.654283
1658907165.755182
1658907165.854629
1658907165.954800
1658907166.054552
1658907166.154763
1658907166.254902
1658907166.354583
1658907166.454859
1658907166.554520
1658907166.654640
1658907166.755733
1658907166.856413
1658907166.956606
1658907167.055624
1658907167.155757
1658907167.255744
1658907167.356864
1658907167.455675
1658907167.556340
1658907167.655076
1658907167.755435
1658907167.855395
1658907167.954425
1658907168.054394
1658907168.155046
1658907168.254529
1658907168.354614
1658907168.454546
1658907168.555434
1658907168.654288
1658907168.754765
1658907168.854301
1658907168.956742
1658907169.054347
1658907169.155156
1658907169.259107
1658907169.357369
1658907169.460792
1658907169.556903
1658907169.657282
1658907169.757719
1658907169.859159
1658907169.956197
1658907170.056657
1658907170.154152
1658907170.254690
1658907170.354702
1658907170.454412
1658907170.554775
1658907170.654220
1658907170.754233
1658907170.854398
1658907170.954189
1658907171.054873
1658907171.154718
1658907171.254989
1658907171.355323
1658907171.455686
1658907171.556020
1658907171.655301
1658907171.755050
1658907171.855676
1658907171.953987
1658907172.056107
1658907172.154289
1658907172.255321
1658907172.354080
1658907172.454310
1658907172.556192
1658907172.654384
1658907172.755091
1658907172.854079
1658907172.954265
1658907173.054624
1658907173.154384
1658907173.254001
1658907173.355095
1658907173.454018
1658907173.554399
1658907173.655285
1658907173.754787
1658907173.855079
1658907173.953069
1658907174.053059
1658907174.153442
1658907174.254177
1658907174.353903
1658907174.454021
1658907174.555564
1658907174.654026
1658907174.753974
1658907174.853900
1658907174.954042
1658907175.054259
1658907175.154061
1658907175.254274
1658907175.354039
1658907175.454035
1658907175.553897
1658907175.654016
1658907175.753822
1658907175.854712
1658907175.955009
1658907176.054993
1658907176.154840
1658907176.254893
1658907176.355457
1658907176.455141
1658907176.554854
1658907176.654752
1658907176.755494
1658907176.855142
1658907176.954068
1658907177.054599
1658907177.154197
1658907177.255435
1658907177.354386
1658907177.454064
1658907177.554935
1658907177.654132
1658907177.756125
1658907177.854378
1658907177.955318
1658907178.056168
1658907178.154981
1658907178.256796
1658907178.355290
1658907178.454960
1658907178.554860
1658907178.654924
1658907178.755191
1658907178.854947
1658907178.954326
1658907179.054046
1658907179.154234
1658907179.254589
1658907179.353843
1658907179.453987
1658907179.553903
1658907179.654023
1658907179.754111
1658907179.855311
1658907179.955076
1658907180.058340
1658907180.156749
1658907180.257004
1658907180.358887
1658907180.458035
1658907180.559016
1658907180.654942
1658907180.754886
1658907180.855059
1658907180.954003
1658907181.053576
1658907181.153736
1658907181.255808
1658907181.353813
1658907181.453964
1658907181.553719
1658907181.654031
1658907181.754722
1658907181.853800
1658907181.953835
1658907182.053920
1658907182.153993
1658907182.253957
1658907182.353781
1658907182.453843
1658907182.554618
1658907182.655587
1658907182.754830
1658907182.854706
1658907182.952986
1658907183.052837
1658907183.152816
1658907183.253906
1658907183.353868
1658907183.454138
1658907183.555599
1658907183.654734
1658907183.754826
1658907183.853908
1658907183.953989
1658907184.053999
1658907184.153630
1658907184.256132
1658907184.353857
1658907184.454409
1658907184.554754
1658907184.654033
1658907184.753943
1658907184.854689
1658907184.954523
1658907185.054750
1658907185.154614
1658907185.254504
1658907185.355804
1658907185.454697
1658907185.554698
1658907185.654732
1658907185.754709
1658907185.854501
1658907185.953629
1658907186.053793
1658907186.153805
1658907186.253731
1658907186.354391
1658907186.453654
1658907186.555640
1658907186.654004
1658907186.754907
1658907186.853635
1658907186.953715
1658907187.054475
1658907187.154368
1658907187.254853
1658907187.354953
1658907187.454802
1658907187.554503
1658907187.654291
1658907187.754456
1658907187.854669
1658907187.954629
1658907188.053492
1658907188.154510
1658907188.253910
1658907188.353668
1658907188.453505
1658907188.553622
1658907188.653615
1658907188.753685
1658907188.853720
1658907188.953450
1658907189.053476
1658907189.153466
1658907189.253741
1658907189.353471
1658907189.454335
1658907189.555646
1658907189.654690
1658907189.754395
1658907189.854599
1658907189.952646
1658907190.053690
1658907190.153252
1658907190.254620
1658907190.353462
1658907190.455433
1658907190.554393
1658907190.657210
1658907190.757761
1658907190.855070
1658907190.956495
1658907191.056205
1658907191.153320
1658907191.253362
1658907191.353328
1658907191.453289
1658907191.553420
1658907191.654099
1658907191.754319
1658907191.854192
1658907191.954256
1658907192.054144
1658907192.154250
1658907192.254044
1658907192.354221
1658907192.454244
1658907192.553754
1658907192.653348
1658907192.753309
1658907192.853333
1658907192.953678
1658907193.053234
1658907193.153404
1658907193.253233
1658907193.353315
1658907193.453164
1658907193.553370
1658907193.653259
1658907193.753418
1658907193.853434
1658907193.954124
1658907194.054541
1658907194.154333
1658907194.254232
1658907194.354341
1658907194.454262
1658907194.554173
1658907194.654169
1658907194.754981
1658907194.855551
1658907194.953469
1658907195.053249
1658907195.153137
1658907195.253176
1658907195.353483
1658907195.453234
1658907195.554445
1658907195.653456
1658907195.753288
1658907195.854243
1658907195.955321
1658907196.053559
1658907196.153078
1658907196.256489
1658907196.354495
1658907196.454623
1658907196.554462
1658907196.654123
1658907196.754040
1658907196.853752
1658907196.953174
1658907197.053727
1658907197.153519
1658907197.253247
1658907197.353060
1658907197.454070
1658907197.552934
1658907197.654922
1658907197.753028
1658907197.853309
1658907197.953462
1658907198.052938
1658907198.153852
1658907198.253129
1658907198.352989
1658907198.454105
1658907198.555447
1658907198.654128
1658907198.754109
1658907198.854127
1658907198.952691
1658907199.052957
1658907199.152808
1658907199.253110
1658907199.353192
1658907199.453127
1658907199.553982
1658907199.652911
1658907199.753107
1658907199.853422
1658907199.952829
1658907200.052956
1658907200.152786
1658907200.252792
1658907200.353196
1658907200.452968
1658907200.553117
1658907200.652743
1658907200.753913
1658907200.853938
1658907200.953742
1658907201.056892
1658907201.156892
1658907201.261228
1658907201.355832
1658907201.456155
1658907201.556237
1658907201.653762
1658907201.753888
1658907201.854036
1658907201.952873
1658907202.052650
1658907202.152570
1658907202.253189
1658907202.352806
1658907202.453853
1658907202.552737
1658907202.652753
1658907202.753142
1658907202.853609
1658907202.953004
1658907203.054093
1658907203.154079
1658907203.253674
1658907203.357076
1658907203.454078
1658907203.553992
1658907203.654130
1658907203.754164
1658907203.854161
1658907203.953061
1658907204.053254
1658907204.154661
1658907204.253994
1658907204.353005
1658907204.453772
1658907204.553956
1658907204.652628
1658907204.753151
1658907204.852775
1658907204.953771
1658907205.052599
1658907205.152362
1658907205.253579
1658907205.353711
1658907205.453611
1658907205.553752
1658907205.653417
1658907205.753552
1658907205.853597
1658907205.952772
1658907206.052923
1658907206.152531
1658907206.252525
1658907206.352676
1658907206.452426
1658907206.552861
1658907206.652869
1658907206.752328
1658907206.853575
1658907206.952666
1658907207.052587
1658907207.152638
1658907207.252833
1658907207.352985
1658907207.452703
1658907207.553555
1658907207.654876
1658907207.753481
1658907207.853570
1658907207.952054
1658907208.051793
1658907208.152688
1658907208.255672
1658907208.356914
1658907208.457213
1658907208.556738
1658907208.652333
1658907208.752679
1658907208.852522
1658907208.952275
1658907209.052421
1658907209.152354
1658907209.253398
1658907209.352457
1658907209.452759
1658907209.552376
1658907209.653423
1658907209.752502
1658907209.853335
1658907209.953250
1658907210.053658
1658907210.153314
1658907210.253305
1658907210.354536
1658907210.453336
1658907210.554257
1658907210.653241
1658907210.753370
1658907210.853743
1658907210.952587
1658907211.052078
1658907211.152138
1658907211.252209
1658907211.352510
1658907211.452302
1658907211.552226
1658907211.652669
1658907211.752180
1658907211.852603
1658907211.952634
1658907212.052400
1658907212.152430
1658907212.253328
1658907212.353131
1658907212.453277
1658907212.553007
1658907212.653195
1658907212.753069
1658907212.852914
1658907212.952154
1658907213.052215
1658907213.152055
1658907213.252129
1658907213.352320
1658907213.452214
1658907213.552702
1658907213.652521
1658907213.752102
1658907213.852024
1658907213.952679
1658907214.052330
1658907214.152270
1658907214.252573
1658907214.352295
1658907214.453003
1658907214.553053
1658907214.653332
1658907214.752846
1658907214.853359
1658907214.950678
1658907215.053705
1658907215.151927
1658907215.251946
1658907215.351980
1658907215.451869
1658907215.551715
1658907215.651670
1658907215.752069
1658907215.851827
1658907215.952162
1658907216.051801
1658907216.152663
1658907216.251478
1658907216.351711
1658907216.451547
1658907216.552348
1658907216.651778
1658907216.751390
1658907216.852302
1658907216.950701
1658907217.050511
1658907217.150523
1658907217.250425
1658907217.350168
1658907217.451260
1658907217.551298
1658907217.651441
1658907217.751886
1658907217.851475
1658907217.951769
1658907218.051462
1658907218.151415
1658907218.251334
1658907218.351649
1658907218.451693
1658907218.551398
1658907218.651625
1658907218.751290
1658907218.851290
1658907218.951406
1658907219.052768
1658907219.152709
1658907219.254429
1658907219.354128
1658907219.454147
1658907219.555292
1658907219.654560
1658907219.753479
1658907219.854371
1658907219.951898
1658907220.051665
1658907220.151774
1658907220.251536
1658907220.351379
1658907220.452326
1658907220.551545
1658907220.651952
1658907220.751731
1658907220.851950
1658907220.952213
1658907221.051723
1658907221.151894
1658907221.252851
1658907221.352880
1658907221.452731
1658907221.552716
1658907221.652557
1658907221.752461
1658907221.852489
1658907221.951841
1658907222.051754
1658907222.151986
1658907222.253018
1658907222.352056
1658907222.452123
1658907222.554819
1658907222.651819
1658907222.752707
1658907222.852180
1658907222.952688
1658907223.052072
1658907223.151860
1658907223.252086
1658907223.351961
1658907223.452703
1658907223.552625
1658907223.652720
1658907223.752705
1658907223.853637
1658907223.950878
1658907224.051964
1658907224.151759
1658907224.251696
1658907224.352066
1658907224.451734
1658907224.551717
1658907224.651752
1658907224.751755
1658907224.851728
1658907224.951555
1658907225.051510
1658907225.151832
1658907225.252119
1658907225.351777
1658907225.451406
1658907225.553190
1658907225.652681
1658907225.752671
1658907225.853957
1658907225.950556
1658907226.050740
1658907226.150764
1658907226.250851
1658907226.351780
1658907226.451796
1658907226.551488
1658907226.651448
1658907226.751606
1658907226.851913
1658907226.951828
1658907227.051575
1658907227.151617
1658907227.251560
1658907227.351528
1658907227.451447
1658907227.551720
1658907227.651552
1658907227.751716
1658907227.852430
1658907227.952387
1658907228.052372
1658907228.152471
1658907228.252401
1658907228.352901
1658907228.452682
1658907228.553700
1658907228.652475
1658907228.752483
1658907228.852411
1658907228.951898
1658907229.051517
1658907229.151606
1658907229.251765
1658907229.351737
1658907229.451573
1658907229.551404
1658907229.652376
1658907229.751876
1658907229.851624
1658907229.951921
1658907230.054622
1658907230.154388
1658907230.252419
1658907230.354728
1658907230.459691
1658907230.554511
1658907230.654919
1658907230.751888
1658907230.850866
1658907230.954955
1658907231.051674
1658907231.151761
1658907231.251810
1658907231.351712
1658907231.453883
1658907231.552530
1658907231.653483
1658907231.751867
1658907231.853600
1658907231.951623
1658907232.051574
1658907232.151496
1658907232.251420
1658907232.354177
1658907232.452536
1658907232.552551
1658907232.652525
1658907232.753466
1658907232.852291
1658907232.950501
1658907233.051665
1658907233.153702
1658907233.251407
1658907233.351385
1658907233.451725
1658907233.551440
1658907233.653613
1658907233.751502
1658907233.851501
1658907233.951363
1658907234.051404
1658907234.151600
1658907234.251276
1658907234.351496
1658907234.451487
1658907234.554237
1658907234.652012
1658907234.753539
1658907234.852298
1658907234.952270
1658907235.052311
1658907235.154661
1658907235.253714
1658907235.352505
1658907235.451448
1658907235.551241
1658907235.651487
1658907235.751271
1658907235.851305
1658907235.951041
1658907236.051285
1658907236.152734
1658907236.253690
1658907236.351260
1658907236.451555
1658907236.551575
1658907236.651094
1658907236.751568
1658907236.851286
1658907236.951443
1658907237.052170
1658907237.152078
1658907237.252471
1658907237.352057
1658907237.452147
1658907237.554081
1658907237.653013
1658907237.752150
1658907237.852071
1658907237.951066
1658907238.051096
1658907238.150959
1658907238.251002
1658907238.350697
1658907238.451341
1658907238.550997
1658907238.651257
1658907238.751148
1658907238.851026
1658907238.951179
1658907239.051100
1658907239.151427
1658907239.252173
1658907239.351924
1658907239.452003
1658907239.552052
1658907239.652083
1658907239.752143
1658907239.852523
1658907239.951098
1658907240.051323
1658907240.153580
1658907240.252306
1658907240.352247
1658907240.452237
1658907240.553986
1658907240.653334
1658907240.753521
1658907240.852514
1658907240.951276
1658907241.051247
1658907241.155493
1658907241.253318
1658907241.352995
1658907241.454031
1658907241.556242
1658907241.656112
1658907241.755386
1658907241.852545
1658907241.950908
1658907242.050876
1658907242.151356
1658907242.252160
1658907242.351452
1658907242.451027
1658907242.551055
1658907242.650999
1658907242.751368
1658907242.850825
1658907242.950612
1658907243.050708
1658907243.151083
1658907243.251086
1658907243.350774
1658907243.450973
1658907243.551631
1658907243.652164
1658907243.750784
1658907243.851930
1658907243.951804
1658907244.051726
1658907244.151690
1658907244.252835
1658907244.352394
1658907244.451615
1658907244.551643
1658907244.651540
1658907244.751888
1658907244.851612
1658907244.950617
1658907245.050877
1658907245.150733
1658907245.250700
1658907245.352100
1658907245.450859
1658907245.550502
1658907245.650842
1658907245.750971
1658907245.851953
1658907245.950560
1658907246.050684
1658907246.150268
1658907246.251408
1658907246.351407
1658907246.451237
1658907246.551838
1658907246.651792
1658907246.751240
1658907246.851114
1658907246.951053
1658907247.050004
1658907247.150010
1658907247.250270
1658907247.350921
1658907247.450229
1658907247.550017
1658907247.650211
1658907247.750558
1658907247.849903
1658907247.950539
1658907248.050023
1658907248.150176
1658907248.250201
1658907248.350051
1658907248.451048
1658907248.551297
1658907248.651038
1658907248.752191
1658907248.851168
1658907248.949301
1658907249.050991
1658907249.150247
1658907249.250294
1658907249.350253
1658907249.450230
1658907249.552677
1658907249.651692
1658907249.750229
1658907249.850661
1658907249.950300
1658907250.050917
1658907250.150368
1658907250.250544
1658907250.350356
1658907250.451490
1658907250.551184
1658907250.651720
1658907250.751038
1658907250.851290
1658907250.949720
1658907251.049473
1658907251.149794
1658907251.250206
1658907251.350278
1658907251.450257
1658907251.549333
1658907251.653843
1658907251.753869
1658907251.852985
1658907251.957669
1658907252.052870
1658907252.153793
1658907252.251060
1658907252.353388
1658907252.450249
1658907252.551673
1658907252.650970
1658907252.750358
1658907252.851171
1658907252.951523
1658907253.051304
1658907253.151306
1658907253.251450
1658907253.351372
1658907253.451324
1658907253.551551
1658907253.651437
1658907253.751831
1658907253.851151
1658907253.950453
1658907254.050410
1658907254.150716
1658907254.250182
1658907254.350394
1658907254.450352
1658907254.550310
1658907254.650437
1658907254.750239
1658907254.850359
1658907254.950672
1658907255.051324
1658907255.151266
1658907255.251054
1658907255.351630
1658907255.451153
1658907255.552449
1658907255.652419
1658907255.751294
1658907255.851433
1658907255.950317
1658907256.050158
1658907256.150324
1658907256.250403
1658907256.350104
1658907256.450267
1658907256.550584
1658907256.650429
1658907256.750522
1658907256.850780
1658907256.950361
1658907257.050156
1658907257.151120
1658907257.250215
1658907257.351807
1658907257.451180
1658907257.551225
1658907257.651363
1658907257.751030
1658907257.851378
1658907257.950241
1658907258.050340
1658907258.150645
1658907258.250143
1658907258.350639
1658907258.450685
1658907258.551537
1658907258.652459
1658907258.750303
1658907258.850183
1658907258.950675
1658907259.050363
1658907259.150357
1658907259.250285
1658907259.350647
1658907259.450214
1658907259.552594
1658907259.651011
1658907259.751153
1658907259.851133
1658907259.949425
1658907260.049294
1658907260.150106
1658907260.250145
1658907260.350041
1658907260.450545
1658907260.550371
1658907260.650230
1658907260.750077
1658907260.850358
1658907260.950079
1658907261.049997
1658907261.150457
1658907261.250145
1658907261.350426
1658907261.450589
1658907261.550233
1658907261.652282
1658907261.750299
1658907261.851517
1658907261.951309
1658907262.050879
1658907262.153549
1658907262.253139
1658907262.352309
1658907262.453723
1658907262.553499
1658907262.652016
1658907262.753552
1658907262.853103
1658907262.952228
1658907263.050162
1658907263.149993
1658907263.250193
1658907263.350234
1658907263.450252
1658907263.550105
1658907263.650290
1658907263.749958
1658907263.850212
1658907263.950762
1658907264.051114
1658907264.150953
1658907264.250996
1658907264.350878
1658907264.450913
1658907264.552239
1658907264.651648
1658907264.750735
1658907264.851361
1658907264.952322
1658907265.050212
1658907265.150138
1658907265.250890
1658907265.349954
1658907265.449858
1658907265.550032
1658907265.650147
1658907265.750265
1658907265.850382
1658907265.950041
1658907266.050191
1658907266.149997
1658907266.250392
1658907266.352629
1658907266.451392
1658907266.550855
1658907266.650772
1658907266.752141
1658907266.850763
1658907266.950385
1658907267.050183
1658907267.149854
1658907267.249811
1658907267.350117
1658907267.449860
1658907267.549950
1658907267.650901
1658907267.749837
1658907267.850025
1658907267.950278
1658907268.050028
1658907268.150614
1658907268.251923
1658907268.350964
1658907268.453974
1658907268.553209
1658907268.655263
1658907268.752774
1658907268.850954
1658907268.949003
1658907269.048863
1658907269.149193
1658907269.249803
1658907269.350103
1658907269.449952
1658907269.549813
1658907269.649574
1658907269.750053
1658907269.849622
1658907269.949752
1658907270.049467
1658907270.149750
1658907270.249765
1658907270.349670
1658907270.449663
1658907270.550162
1658907270.650378
1658907270.750022
1658907270.850362
1658907270.950477
1658907271.050524
1658907271.150493
1658907271.250310
1658907271.351695
1658907271.450257
1658907271.550764
1658907271.652769
1658907271.750768
1658907271.850728
1658907271.951031
1658907272.050585
1658907272.150723
1658907272.250648
1658907272.349418
1658907272.450821
1658907272.550694
1658907272.650760
1658907272.750618
1658907272.850395
1658907272.950822
1658907273.051038
1658907273.150411
1658907273.250652
1658907273.350694
1658907273.450402
1658907273.551672
1658907273.651575
1658907273.750932
1658907273.850234
1658907273.949492
1658907274.049243
1658907274.149239
1658907274.249435
1658907274.349460
1658907274.449504
1658907274.549465
1658907274.649294
1658907274.749439
1658907274.849317
1658907274.949284
1658907275.049302
1658907275.149459
1658907275.249246
1658907275.349976
1658907275.450337
1658907275.550220
1658907275.650764
1658907275.750231
1658907275.850542
1658907275.948375
1658907276.049224
1658907276.151259
1658907276.249241
1658907276.349417
1658907276.449760
1658907276.549436
1658907276.650436
1658907276.749474
1658907276.849456
1658907276.949628
1658907277.049438
1658907277.149575
1658907277.249266
1658907277.349114
1658907277.449464
1658907277.549275
1658907277.649593
1658907277.750505
1658907277.850741
1658907277.950158
1658907278.050061
1658907278.150191
1658907278.250026
1658907278.349227
1658907278.449238
1658907278.549543
1658907278.649178
1658907278.746519
1658907278.852665
1658907278.952671
1658907279.051702
1658907279.152392
1658907279.255452
1658907279.352652
1658907279.452718
1658907279.553799
1658907279.651022
1658907279.749563
1658907279.850571
1658907279.950714
1658907280.052504
1658907280.151426
1658907280.251148
1658907280.350715
1658907280.450509
1658907280.550611
1658907280.650642
1658907280.750248
1658907280.850321
1658907280.949353
1658907281.049375
1658907281.149287
1658907281.249138
1658907281.349290
1658907281.449249
1658907281.549698
1658907281.649269
1658907281.749306
1658907281.849570
1658907281.950002
1658907282.049434
1658907282.149401
1658907282.250091
1658907282.350336
1658907282.451681
1658907282.550462
1658907282.651115
1658907282.750214
1658907282.850607
1658907282.949593
1658907283.050608
1658907283.151091
1658907283.249442
1658907283.350487
1658907283.449104
1658907283.550296
1658907283.655500
1658907283.749470
1658907283.849494
1658907283.949638
1658907284.049407
1658907284.149224
1658907284.249075
1658907284.349329
1658907284.449853
1658907284.550056
1658907284.650111
1658907284.750622
1658907284.850044
1658907284.949197
1658907285.049174
1658907285.151118
1658907285.250220
1658907285.349108
1658907285.449415
1658907285.549207
1658907285.650995
1658907285.749388
1658907285.849216
1658907285.949900
1658907286.049148
1658907286.149060
1658907286.249139
1658907286.349453
1658907286.449155
1658907286.549488
1658907286.650317
1658907286.750435
1658907286.850813
1658907286.950973
1658907287.050140
1658907287.150057
1658907287.251846
1658907287.349922
1658907287.450929
1658907287.550046
1658907287.650024
1658907287.750183
1658907287.849749
1658907287.949220
1658907288.049120
1658907288.148869
