   6.5763858e+05   2.9738546e+06   5.6320000e+01   5.9718538e-01   1.0398557e-02   1.1187722e-02   8.0195781e-01
   6.5763841e+05   2.9738545e+06   5.6320000e+01   5.9718921e-01   1.0172232e-02   1.1029887e-02   8.0196004e-01
   6.5763821e+05   2.9738545e+06   5.6321000e+01   5.9705259e-01   9.9603340e-03   1.1187979e-02   8.0206223e-01
   6.5763801e+05   2.9738544e+06   5.6333000e+01   5.9704835e-01   1.0222409e-02   1.1101656e-02   8.0206329e-01
   6.5763781e+05   2.9738544e+06   5.6332000e+01   5.9712370e-01   9.8913230e-03   1.1239222e-02   8.0200943e-01
   6.5763761e+05   2.9738543e+06   5.6323000e+01   5.9712566e-01   9.7692280e-03   1.1221344e-02   8.0200972e-01
   6.5763741e+05   2.9738542e+06   5.6316000e+01   5.9719649e-01   9.7180920e-03   1.1150508e-02   8.0195859e-01
   6.5763721e+05   2.9738542e+06   5.6321000e+01   5.9733078e-01   1.0068493e-02   1.1324452e-02   8.0185181e-01
   6.5763698e+05   2.9738541e+06   5.6322000e+01   5.9760516e-01   1.0384094e-02   1.2176958e-02   8.0163081e-01
   6.5763682e+05   2.9738540e+06   5.6321000e+01   5.9774443e-01   1.0420600e-02   1.2367203e-02   8.0152359e-01
   6.5763662e+05   2.9738540e+06   5.6322000e+01   5.9781514e-01   1.0388425e-02   1.1737955e-02   8.0148073e-01
   6.5763639e+05   2.9738539e+06   5.6318000e+01   5.9803118e-01   1.0026183e-02   1.1245731e-02   8.0133122e-01
   6.5763624e+05   2.9738539e+06   5.6316000e+01   5.9817387e-01   9.8538270e-03   1.1156344e-02   8.0122809e-01
   6.5763605e+05   2.9738538e+06   5.6318000e+01   5.9831974e-01   9.4717090e-03   1.1223662e-02   8.0112284e-01
   6.5763585e+05   2.9738537e+06   5.6326000e+01   5.9838690e-01   9.6470320e-03   1.1310427e-02   8.0106937e-01
   6.5763566e+05   2.9738537e+06   5.6328000e+01   5.9852391e-01   9.8233640e-03   1.1396305e-02   8.0096364e-01
   6.5763547e+05   2.9738536e+06   5.6327000e+01   5.9880481e-01   9.7398430e-03   1.1567269e-02   8.0075223e-01
   6.5763525e+05   2.9738536e+06   5.6324000e+01   5.9907947e-01   1.0040437e-02   1.1668887e-02   8.0054158e-01
   6.5763510e+05   2.9738535e+06   5.6320000e+01   5.9922340e-01   9.7806320e-03   1.1754164e-02   8.0043582e-01
   6.5763490e+05   2.9738535e+06   5.6317000e+01   5.9923738e-01   8.8733360e-03   1.1561410e-02   8.0043873e-01
   6.5763468e+05   2.9738534e+06   5.6330000e+01   5.9930679e-01   8.9097820e-03   1.0880051e-02   8.0039591e-01
   6.5763452e+05   2.9738533e+06   5.6333000e+01   5.9937609e-01   8.9455000e-03   1.1071266e-02   8.0034099e-01
   6.5763432e+05   2.9738533e+06   5.6331000e+01   5.9965302e-01   9.1062010e-03   1.1713904e-02   8.0012257e-01
   6.5763410e+05   2.9738532e+06   5.6325000e+01   5.9992877e-01   9.3371570e-03   1.2304069e-02   7.9990430e-01
   6.5763394e+05   2.9738532e+06   5.6323000e+01   6.0006701e-01   9.4266060e-03   1.2564192e-02   7.9979552e-01
   6.5763374e+05   2.9738531e+06   5.6325000e+01   6.0020443e-01   9.5682180e-03   1.2021509e-02   7.9969905e-01
   6.5763353e+05   2.9738530e+06   5.6323000e+01   6.0035339e-01   8.9592480e-03   1.1496618e-02   7.9960200e-01
   6.5763329e+05   2.9738530e+06   5.6325000e+01   6.0056296e-01   8.9449030e-03   1.1616446e-02   7.9944304e-01
   6.5763308e+05   2.9738529e+06   5.6325000e+01   6.0076832e-01   9.2096220e-03   1.1526572e-02   7.9928703e-01
   6.5763288e+05   2.9738528e+06   5.6325000e+01   6.0097404e-01   9.4397110e-03   1.1680925e-02   7.9912743e-01
   6.5763267e+05   2.9738528e+06   5.6323000e+01   6.0111646e-01   9.2498380e-03   1.1714466e-02   7.9902204e-01
   6.5763250e+05   2.9738527e+06   5.6324000e+01   6.0118706e-01   9.1977110e-03   1.1207648e-02   7.9897679e-01
   6.5763229e+05   2.9738527e+06   5.6326000e+01   6.0139993e-01   8.9554630e-03   1.0734494e-02   7.9882582e-01
   6.5763207e+05   2.9738526e+06   5.6322000e+01   6.0154058e-01   8.8704300e-03   1.0907623e-02   7.9871851e-01
   6.5763186e+05   2.9738525e+06   5.6320000e+01   6.0167684e-01   9.0823590e-03   1.1184843e-02   7.9860966e-01
   6.5763160e+05   2.9738525e+06   5.6317000e+01   6.0188693e-01   9.0156090e-03   1.1234990e-02   7.9845139e-01
   6.5763137e+05   2.9738524e+06   5.6314000e+01   6.0209594e-01   9.0185500e-03   1.1232629e-02   7.9829379e-01
   6.5763115e+05   2.9738523e+06   5.6312000e+01   6.0223447e-01   9.0730660e-03   1.1300710e-02   7.9818771e-01
   6.5763092e+05   2.9738523e+06   5.6309000e+01   6.0244341e-01   9.0760240e-03   1.1298334e-02   7.9803002e-01
   6.5763068e+05   2.9738522e+06   5.6306000e+01   6.0258348e-01   9.0254100e-03   1.1227118e-02   7.9792584e-01
   6.5763049e+05   2.9738521e+06   5.6308000e+01   6.0264710e-01   9.4271150e-03   1.1032996e-02   7.9787585e-01
   6.5763025e+05   2.9738521e+06   5.6312000e+01   6.0278822e-01   9.3068200e-03   1.1014336e-02   7.9777092e-01
   6.5763001e+05   2.9738520e+06   5.6317000e+01   6.0299695e-01   9.3113780e-03   1.1448186e-02   7.9760699e-01
   6.5762972e+05   2.9738519e+06   5.6322000e+01   6.0340747e-01   9.7705640e-03   1.1319167e-02   7.9729282e-01
   6.5762948e+05   2.9738518e+06   5.6322000e+01   6.0355491e-01   9.2458420e-03   1.0621780e-02   7.9719706e-01
   6.5762928e+05   2.9738518e+06   5.6326000e+01   6.0363370e-01   8.6166670e-03   1.0222494e-02   7.9714968e-01
   6.5762898e+05   2.9738517e+06   5.6322000e+01   6.0371202e-01   7.9725950e-03   1.0381852e-02   7.9709501e-01
   6.5762873e+05   2.9738516e+06   5.6319000e+01   6.0384281e-01   8.5856350e-03   1.0464732e-02   7.9698848e-01
   6.5762852e+05   2.9738516e+06   5.6321000e+01   6.0418282e-01   9.1296090e-03   1.0161425e-02   7.9672863e-01
   6.5762822e+05   2.9738515e+06   5.6314000e+01   6.0447081e-01   8.4356010e-03   1.0249458e-02   7.9651669e-01
   6.5762801e+05   2.9738514e+06   5.6318000e+01   6.0453765e-01   8.6282590e-03   1.0212713e-02   7.9646436e-01
   6.5762770e+05   2.9738513e+06   5.6323000e+01   6.0453567e-01   8.7815020e-03   9.5486420e-03   7.9647243e-01
   6.5762749e+05   2.9738513e+06   5.6323000e+01   6.0453491e-01   8.8484940e-03   9.0595880e-03   7.9647798e-01
   6.5762717e+05   2.9738512e+06   5.6321000e+01   6.0481018e-01   9.0153230e-03   1.0137547e-02   7.9625411e-01
   6.5762691e+05   2.9738511e+06   5.6322000e+01   6.0501586e-01   9.1958220e-03   1.0657618e-02   7.9608898e-01
   6.5762664e+05   2.9738510e+06   5.6326000e+01   6.0502075e-01   8.8762560e-03   9.8044950e-03   7.9609985e-01
   6.5762637e+05   2.9738509e+06   5.6324000e+01   6.0503448e-01   7.8758610e-03   8.9207970e-03   7.9611033e-01
   6.5762610e+05   2.9738509e+06   5.6316000e+01   6.0504238e-01   7.2311510e-03   9.0819800e-03   7.9610863e-01
   6.5762582e+05   2.9738508e+06   5.6317000e+01   6.0517639e-01   7.6357230e-03   9.3224140e-03   7.9600020e-01
   6.5762555e+05   2.9738507e+06   5.6321000e+01   6.0531321e-01   7.8095200e-03   8.9708730e-03   7.9589852e-01
   6.5762527e+05   2.9738506e+06   5.6321000e+01   6.0524757e-01   7.4976190e-03   9.4273840e-03   7.9594616e-01
   6.5762506e+05   2.9738505e+06   5.6324000e+01   6.0531417e-01   7.7263670e-03   9.5822700e-03   7.9589148e-01
   6.5762478e+05   2.9738505e+06   5.6324000e+01   6.0524326e-01   7.8449130e-03   9.1632920e-03   7.9594918e-01
   6.5762450e+05   2.9738504e+06   5.6325000e+01   6.0511193e-01   7.2291260e-03   8.6450520e-03   7.9606065e-01
   6.5762416e+05   2.9738503e+06   5.6330000e+01   6.0504683e-01   6.8476580e-03   9.1542340e-03   7.9610781e-01
   6.5762394e+05   2.9738502e+06   5.6338000e+01   6.0517895e-01   7.4273320e-03   9.4808510e-03   7.9599836e-01
   6.5762366e+05   2.9738501e+06   5.6334000e+01   6.0517478e-01   7.7608540e-03   9.7753580e-03   7.9599479e-01
   6.5762338e+05   2.9738501e+06   5.6334000e+01   6.0517519e-01   7.7275500e-03   1.0019908e-02   7.9599176e-01
   6.5762310e+05   2.9738500e+06   5.6331000e+01   6.0545801e-01   7.3309860e-03   1.0211944e-02   7.9577797e-01
   6.5762282e+05   2.9738499e+06   5.6331000e+01   6.0538556e-01   7.5716840e-03   9.8095360e-03   7.9583589e-01
   6.5762253e+05   2.9738498e+06   5.6337000e+01   6.0545106e-01   7.8971400e-03   8.7943890e-03   7.9579476e-01
   6.5762225e+05   2.9738497e+06   5.6333000e+01   6.0552498e-01   7.5341060e-03   9.1801990e-03   7.9573768e-01
   6.5762197e+05   2.9738497e+06   5.6335000e+01   6.0551595e-01   8.2346000e-03   9.5243570e-03   7.9573357e-01
   6.5762168e+05   2.9738496e+06   5.6333000e+01   6.0558573e-01   8.2157600e-03   9.2096310e-03   7.9568437e-01
   6.5762140e+05   2.9738495e+06   5.6331000e+01   6.0572568e-01   8.1313750e-03   9.3833460e-03   7.9557666e-01
   6.5762111e+05   2.9738494e+06   5.6340000e+01   6.0571736e-01   8.7427990e-03   9.4661770e-03   7.9557554e-01
   6.5762077e+05   2.9738493e+06   5.6340000e+01   6.0592257e-01   8.9435240e-03   1.0300118e-02   7.9540667e-01
   6.5762054e+05   2.9738492e+06   5.6341000e+01   6.0584975e-01   9.1839620e-03   9.8977020e-03   7.9546450e-01
   6.5762026e+05   2.9738492e+06   5.6335000e+01   6.0599862e-01   8.4849990e-03   9.5523720e-03   7.9536308e-01
   6.5761997e+05   2.9738491e+06   5.6336000e+01   6.0579754e-01   7.9538420e-03   8.8603660e-03   7.9552974e-01
   6.5761962e+05   2.9738490e+06   5.6344000e+01   6.0593691e-01   7.9323070e-03   8.1086790e-03   7.9543183e-01
   6.5761934e+05   2.9738489e+06   5.6346000e+01   6.0621101e-01   8.1996470e-03   8.4528890e-03   7.9521665e-01
   6.5761911e+05   2.9738488e+06   5.6350000e+01   6.0627058e-01   8.9176820e-03   8.6733590e-03   7.9516113e-01
   6.5761876e+05   2.9738487e+06   5.6352000e+01   6.0633469e-01   9.2853290e-03   8.7219910e-03   7.9510751e-01
   6.5761847e+05   2.9738486e+06   5.6352000e+01   6.0619328e-01   9.4885600e-03   8.1286020e-03   7.9521922e-01
   6.5761824e+05   2.9738486e+06   5.6357000e+01   6.0618829e-01   9.8355220e-03   7.8640770e-03   7.9522147e-01
   6.5761795e+05   2.9738485e+06   5.6357000e+01   6.0632770e-01   9.7710110e-03   8.3515750e-03   7.9511100e-01
   6.5761759e+05   2.9738484e+06   5.6352000e+01   6.0626496e-01   9.3175310e-03   8.4781990e-03   7.9516294e-01
   6.5761736e+05   2.9738483e+06   5.6349000e+01   6.0633516e-01   9.2653580e-03   8.4079990e-03   7.9511077e-01
   6.5761700e+05   2.9738482e+06   5.6345000e+01   6.0625801e-01   9.7442430e-03   9.4696160e-03   7.9515194e-01
   6.5761671e+05   2.9738481e+06   5.6344000e+01   6.0645401e-01   1.0471204e-02   1.0560627e-02   7.9497947e-01
   6.5761647e+05   2.9738481e+06   5.6348000e+01   6.0665379e-01   1.0963163e-02   1.0623549e-02   7.9481956e-01
   6.5761618e+05   2.9738480e+06   5.6343000e+01   6.0679145e-01   1.1005340e-02   1.1249572e-02   7.9470527e-01
   6.5761588e+05   2.9738479e+06   5.6341000e+01   6.0672797e-01   1.0657595e-02   1.1515285e-02   7.9475467e-01
   6.5761558e+05   2.9738478e+06   5.6343000e+01   6.0680550e-01   1.0182019e-02   1.0890194e-02   7.9471052e-01
   6.5761528e+05   2.9738477e+06   5.6345000e+01   6.0660139e-01   9.9473440e-03   1.0301421e-02   7.9487715e-01
   6.5761498e+05   2.9738477e+06   5.6350000e+01   6.0652359e-01   1.0455687e-02   1.0682016e-02   7.9492497e-01
   6.5761462e+05   2.9738476e+06   5.6346000e+01   6.0693438e-01   1.0750165e-02   1.1773487e-02   7.9459202e-01
   6.5761438e+05   2.9738475e+06   5.6344000e+01   6.0686100e-01   1.0977357e-02   1.1929500e-02   7.9464263e-01
   6.5761401e+05   2.9738474e+06   5.6345000e+01   6.0679499e-01   1.0797296e-02   1.1408442e-02   7.9470316e-01
   6.5761377e+05   2.9738473e+06   5.6343000e+01   6.0679894e-01   1.0569089e-02   1.1253345e-02   7.9470542e-01
   6.5761346e+05   2.9738472e+06   5.6346000e+01   6.0679642e-01   1.0724181e-02   1.1025124e-02   7.9470847e-01
   6.5761310e+05   2.9738471e+06   5.6345000e+01   6.0693747e-01   1.0599958e-02   1.0570602e-02   7.9460859e-01
   6.5761279e+05   2.9738470e+06   5.6340000e+01   6.0695052e-01   9.7967820e-03   1.0525331e-02   7.9460953e-01
   6.5761249e+05   2.9738470e+06   5.6343000e+01   6.0695073e-01   9.7804080e-03   1.0647642e-02   7.9460794e-01
   6.5761224e+05   2.9738469e+06   5.6345000e+01   6.0694245e-01   1.0302382e-02   1.0468512e-02   7.9461005e-01
   6.5761194e+05   2.9738468e+06   5.6339000e+01   6.0708312e-01   1.0181900e-02   1.0450362e-02   7.9450438e-01
   6.5761157e+05   2.9738467e+06   5.6328000e+01   6.0702241e-01   9.6263010e-03   1.0875052e-02   7.9455199e-01
   6.5761132e+05   2.9738466e+06   5.6323000e+01   6.0695541e-01   9.4702970e-03   1.1104140e-02   7.9460188e-01
   6.5761095e+05   2.9738465e+06   5.6333000e+01   6.0688056e-01   9.8198600e-03   1.1276428e-02   7.9465238e-01
   6.5761064e+05   2.9738464e+06   5.6340000e+01   6.0708181e-01   1.0230285e-02   1.1950827e-02   7.9448360e-01
   6.5761039e+05   2.9738464e+06   5.6340000e+01   6.0721711e-01   1.0427999e-02   1.2348644e-02   7.9437154e-01
   6.5761008e+05   2.9738463e+06   5.6341000e+01   6.0721843e-01   1.0354681e-02   1.1965371e-02   7.9437736e-01
   6.5760977e+05   2.9738462e+06   5.6346000e+01   6.0708662e-01   9.9451210e-03   1.1290209e-02   7.9449321e-01
   6.5760946e+05   2.9738461e+06   5.6344000e+01   6.0709242e-01   9.5781920e-03   1.1241152e-02   7.9449398e-01
   6.5760909e+05   2.9738460e+06   5.6340000e+01   6.0729506e-01   9.9154360e-03   1.1532239e-02   7.9433079e-01
   6.5760884e+05   2.9738459e+06   5.6341000e+01   6.0743219e-01   1.0007166e-02   1.1791445e-02   7.9422097e-01
   6.5760852e+05   2.9738458e+06   5.6342000e+01   6.0722448e-01   9.9877480e-03   1.1916379e-02   7.9437817e-01
   6.5760815e+05   2.9738457e+06   5.6345000e+01   6.0722855e-01   9.7391260e-03   1.1447450e-02   7.9438504e-01
   6.5760783e+05   2.9738456e+06   5.6340000e+01   6.0744348e-01   9.2895630e-03   1.1571333e-02   7.9422429e-01
   6.5760752e+05   2.9738455e+06   5.6344000e+01   6.0750472e-01   9.8124250e-03   1.1391033e-02   7.9417377e-01
   6.5760720e+05   2.9738455e+06   5.6346000e+01   6.0750894e-01   9.5473500e-03   1.1044508e-02   7.9417866e-01
   6.5760695e+05   2.9738454e+06   5.6345000e+01   6.0744521e-01   9.1794320e-03   1.0996445e-02   7.9423242e-01
   6.5760664e+05   2.9738453e+06   5.6352000e+01   6.0743814e-01   9.6482940e-03   1.0747689e-02   7.9423567e-01
   6.5760633e+05   2.9738452e+06   5.6347000e+01   6.0771932e-01   9.3911410e-03   1.0834134e-02   7.9402246e-01
   6.5760601e+05   2.9738451e+06   5.6342000e+01   6.0793265e-01   9.0269920e-03   1.0783002e-02   7.9386405e-01
   6.5760569e+05   2.9738450e+06   5.6343000e+01   6.0800149e-01   9.0603610e-03   1.0537549e-02   7.9381424e-01
   6.5760531e+05   2.9738449e+06   5.6347000e+01   6.0779167e-01   9.2200650e-03   9.3166200e-03   7.9398834e-01
   6.5760499e+05   2.9738448e+06   5.6341000e+01   6.0779443e-01   9.0284520e-03   9.3534170e-03   7.9398799e-01
   6.5760468e+05   2.9738447e+06   5.6335000e+01   6.0799499e-01   9.5084210e-03   9.9745220e-03   7.9382126e-01
   6.5760442e+05   2.9738447e+06   5.6334000e+01   6.0798692e-01   1.0018365e-02   1.0353317e-02   7.9381632e-01
   6.5760410e+05   2.9738446e+06   5.6335000e+01   6.0819384e-01   1.0074150e-02   1.0419954e-02   7.9365621e-01
   6.5760378e+05   2.9738445e+06   5.6335000e+01   6.0819472e-01   1.0021075e-02   1.0350694e-02   7.9365712e-01
   6.5760346e+05   2.9738444e+06   5.6340000e+01   6.0819324e-01   1.0122696e-02   1.0052939e-02   7.9366079e-01
   6.5760314e+05   2.9738443e+06   5.6341000e+01   6.0826299e-01   1.0102836e-02   9.7381200e-03   7.9361152e-01
   6.5760283e+05   2.9738442e+06   5.6341000e+01   6.0840324e-01   9.9983490e-03   9.5978630e-03   7.9350703e-01
   6.5760251e+05   2.9738441e+06   5.6343000e+01   6.0847317e-01   9.9622270e-03   9.4054030e-03   7.9345617e-01
   6.5760219e+05   2.9738440e+06   5.6343000e+01   6.0847509e-01   9.8398880e-03   9.3892650e-03   7.9345642e-01
   6.5760187e+05   2.9738440e+06   5.6342000e+01   6.0847491e-01   9.8560280e-03   9.2669190e-03   7.9345780e-01
   6.5760155e+05   2.9738439e+06   5.6337000e+01   6.0861356e-01   9.8415270e-03   9.3875470e-03   7.9335021e-01
   6.5760123e+05   2.9738438e+06   5.6337000e+01   6.0861134e-01   9.9686250e-03   9.8399410e-03   7.9334484e-01
   6.5760091e+05   2.9738437e+06   5.6343000e+01   6.0867417e-01   1.0357411e-02   1.0201315e-02   7.9328709e-01
   6.5760059e+05   2.9738436e+06   5.6345000e+01   6.0881261e-01   1.0359191e-02   1.0199507e-02   7.9318085e-01
   6.5760021e+05   2.9738435e+06   5.6341000e+01   6.0903275e-01   9.5746180e-03   1.0031271e-02   7.9302384e-01
   6.5759989e+05   2.9738434e+06   5.6341000e+01   6.0896602e-01   9.4143160e-03   9.8244790e-03   7.9307959e-01
   6.5759957e+05   2.9738433e+06   5.6342000e+01   6.0903485e-01   9.4472810e-03   9.5789460e-03   7.9302935e-01
   6.5759931e+05   2.9738432e+06   5.6340000e+01   6.0910626e-01   9.2936780e-03   9.8067930e-03   7.9297353e-01
   6.5759899e+05   2.9738431e+06   5.6338000e+01   6.0910338e-01   9.4742090e-03   1.0328305e-02   7.9296698e-01
   6.5759860e+05   2.9738430e+06   5.6335000e+01   6.0903147e-01   9.6488060e-03   1.0414389e-02   7.9301898e-01
   6.5759828e+05   2.9738429e+06   5.6331000e+01   6.0916987e-01   9.6506230e-03   1.0412705e-02   7.9291267e-01
   6.5759796e+05   2.9738428e+06   5.6328000e+01   6.0923864e-01   9.6726540e-03   1.0725770e-02   7.9285540e-01
   6.5759764e+05   2.9738428e+06   5.6325000e+01   6.0923630e-01   9.8161310e-03   1.1055696e-02   7.9285090e-01
   6.5759731e+05   2.9738427e+06   5.6328000e+01   6.0930549e-01   9.8170950e-03   1.1054839e-02   7.9279773e-01
   6.5759705e+05   2.9738426e+06   5.6333000e+01   6.0944299e-01   9.8722090e-03   1.1122301e-02   7.9269040e-01
   6.5759673e+05   2.9738425e+06   5.6335000e+01   6.0951432e-01   9.7348410e-03   1.1227823e-02   7.9263577e-01
   6.5759635e+05   2.9738424e+06   5.6334000e+01   6.0965328e-01   9.6995560e-03   1.1034597e-02   7.9253204e-01
   6.5759609e+05   2.9738423e+06   5.6334000e+01   6.0965558e-01   9.5559070e-03   1.0704746e-02   7.9253654e-01
   6.5759577e+05   2.9738422e+06   5.6329000e+01   6.0965684e-01   9.4707890e-03   1.0880317e-02   7.9253420e-01
   6.5759545e+05   2.9738422e+06   5.6327000e+01   6.0971924e-01   9.8974050e-03   1.1432744e-02   7.9247321e-01
   6.5759513e+05   2.9738421e+06   5.6328000e+01   6.0984887e-01   1.0426154e-02   1.1686232e-02   7.9236297e-01
   6.5759481e+05   2.9738420e+06   5.6326000e+01   6.0998279e-01   1.0678446e-02   1.2152468e-02   7.9224951e-01
   6.5759442e+05   2.9738419e+06   5.6322000e+01   6.0998022e-01   1.0822234e-02   1.2482248e-02   7.9224441e-01
   6.5759416e+05   2.9738418e+06   5.6322000e+01   6.1004696e-01   1.0961584e-02   1.2374825e-02   7.9219279e-01
   6.5759377e+05   2.9738417e+06   5.6328000e+01   6.1011344e-01   1.1116796e-02   1.2145005e-02   7.9214298e-01
   6.5759345e+05   2.9738416e+06   5.6330000e+01   6.1018256e-01   1.1117856e-02   1.2144035e-02   7.9208974e-01
   6.5759320e+05   2.9738415e+06   5.6330000e+01   6.1017939e-01   1.1293473e-02   1.2229029e-02   7.9208839e-01
   6.5759288e+05   2.9738414e+06   5.6331000e+01   6.1031293e-01   1.1556199e-02   1.2136380e-02   7.9198314e-01
   6.5759250e+05   2.9738413e+06   5.6329000e+01   6.1051798e-01   1.1681751e-02   1.2149171e-02   7.9182304e-01
   6.5759225e+05   2.9738413e+06   5.6328000e+01   6.1051672e-01   1.1750847e-02   1.2095889e-02   7.9182380e-01
   6.5759186e+05   2.9738412e+06   5.6330000e+01   6.1044382e-01   1.1957093e-02   1.1937086e-02   7.9187933e-01
   6.5759160e+05   2.9738411e+06   5.6330000e+01   6.1050848e-01   1.2187062e-02   1.2090060e-02   7.9182366e-01
   6.5759121e+05   2.9738410e+06   5.6331000e+01   6.1056559e-01   1.2774224e-02   1.2849035e-02   7.9175841e-01
   6.5759096e+05   2.9738409e+06   5.6331000e+01   6.1069649e-01   1.3127801e-02   1.3016545e-02   7.9164893e-01
   6.5759064e+05   2.9738408e+06   5.6330000e+01   6.1076302e-01   1.3251311e-02   1.3031173e-02   7.9159530e-01
   6.5759026e+05   2.9738407e+06   5.6330000e+01   6.1082903e-01   1.3406353e-02   1.2801006e-02   7.9154552e-01
   6.5758994e+05   2.9738406e+06   5.6327000e+01   6.1090183e-01   1.3231782e-02   1.2715013e-02   7.9149365e-01
   6.5758961e+05   2.9738405e+06   5.6322000e+01   6.1096883e-01   1.3323783e-02   1.2974380e-02   7.9143618e-01
   6.5758936e+05   2.9738405e+06   5.6319000e+01   6.1102793e-01   1.3782962e-02   1.3280924e-02   7.9137761e-01
   6.5758897e+05   2.9738404e+06   5.6311000e+01   6.1108446e-01   1.4333120e-02   1.3847886e-02   7.9131447e-01
   6.5758872e+05   2.9738403e+06   5.6305000e+01   6.1114874e-01   1.4531949e-02   1.4245227e-02   7.9125414e-01
   6.5758833e+05   2.9738402e+06   5.6301000e+01   6.1121424e-01   1.4677508e-02   1.4573486e-02   7.9119488e-01
   6.5758801e+05   2.9738401e+06   5.6302000e+01   6.1114291e-01   1.4767190e-02   1.4835254e-02   7.9124345e-01
   6.5758775e+05   2.9738400e+06   5.6301000e+01   6.1120385e-01   1.5104213e-02   1.5125840e-02   7.9118451e-01
   6.5758743e+05   2.9738400e+06   5.6295000e+01   6.1133557e-01   1.5357920e-02   1.5590766e-02   7.9106882e-01
   6.5758710e+05   2.9738399e+06   5.6297000e+01   6.1139557e-01   1.5726413e-02   1.5636424e-02   7.9101431e-01
   6.5758678e+05   2.9738398e+06   5.6309000e+01   6.1139557e-01   1.5726413e-02   1.5636424e-02   7.9101431e-01
   6.5758646e+05   2.9738397e+06   5.6315000e+01   6.1133498e-01   1.5389278e-02   1.5345984e-02   7.9107346e-01
   6.5758607e+05   2.9738396e+06   5.6318000e+01   6.1120299e-01   1.5151313e-02   1.4758670e-02   7.9119121e-01
   6.5758582e+05   2.9738395e+06   5.6317000e+01   6.1120033e-01   1.5257988e-02   1.4896759e-02   7.9118862e-01
   6.5758549e+05   2.9738394e+06   5.6312000e+01   6.1113024e-01   1.5294308e-02   1.5089528e-02   7.9123841e-01
   6.5758510e+05   2.9738393e+06   5.6308000e+01   6.1098540e-01   1.5558269e-02   1.5437485e-02   7.9133840e-01
   6.5758484e+05   2.9738393e+06   5.6308000e+01   6.1090751e-01   1.5908280e-02   1.5608448e-02   7.9138822e-01
   6.5758446e+05   2.9738391e+06   5.6306000e+01   6.1090642e-01   1.5945849e-02   1.5799892e-02   7.9138451e-01
   6.5758420e+05   2.9738391e+06   5.6309000e+01   6.1076739e-01   1.5990383e-02   1.5435535e-02   7.9149810e-01
   6.5758382e+05   2.9738390e+06   5.6310000e+01   6.1056236e-01   1.5911371e-02   1.5056795e-02   7.9166516e-01
   6.5758350e+05   2.9738389e+06   5.6308000e+01   6.1042614e-01   1.5823838e-02   1.5235226e-02   7.9176854e-01
   6.5758324e+05   2.9738388e+06   5.6306000e+01   6.1042367e-01   1.5914559e-02   1.5495789e-02   7.9176357e-01
   6.5758286e+05   2.9738387e+06   5.6304000e+01   6.1027413e-01   1.6363848e-02   1.5370438e-02   7.9187213e-01
   6.5758261e+05   2.9738386e+06   5.6302000e+01   6.1027240e-01   1.6432943e-02   1.5317171e-02   7.9187306e-01
   6.5758230e+05   2.9738386e+06   5.6297000e+01   6.1013704e-01   1.6323781e-02   1.5181812e-02   7.9198222e-01
   6.5758198e+05   2.9738385e+06   5.6293000e+01   6.0993195e-01   1.6245138e-02   1.4803098e-02   7.9214896e-01
   6.5758167e+05   2.9738384e+06   5.6288000e+01   6.0972056e-01   1.6384962e-02   1.5137137e-02   7.9230249e-01
   6.5758135e+05   2.9738383e+06   5.6286000e+01   6.0971197e-01   1.6677795e-02   1.6232917e-02   7.9228130e-01
   6.5758104e+05   2.9738382e+06   5.6297000e+01   6.0969103e-01   1.7449100e-02   1.6519942e-02   7.9227487e-01
   6.5758072e+05   2.9738381e+06   5.6298000e+01   6.0961635e-01   1.7655060e-02   1.6361829e-02   7.9233105e-01
   6.5758041e+05   2.9738380e+06   5.6288000e+01   6.0955849e-01   1.7249387e-02   1.6124038e-02   7.9238938e-01
   6.5758010e+05   2.9738380e+06   5.6286000e+01   6.0936055e-01   1.6920864e-02   1.5277350e-02   7.9256546e-01
   6.5757978e+05   2.9738379e+06   5.6280000e+01   6.0923243e-01   1.6546041e-02   1.4796085e-02   7.9268099e-01
   6.5757947e+05   2.9738378e+06   5.6275000e+01   6.0916585e-01   1.6427550e-02   1.5217751e-02   7.9272664e-01
   6.5757916e+05   2.9738377e+06   5.6278000e+01   6.0922925e-01   1.6641541e-02   1.5493012e-02   7.9266812e-01
   6.5757885e+05   2.9738376e+06   5.6278000e+01   6.0908267e-01   1.6952662e-02   1.5474786e-02   7.9277452e-01
   6.5757848e+05   2.9738375e+06   5.6273000e+01   6.0894548e-01   1.6912862e-02   1.5286208e-02   7.9288441e-01
   6.5757818e+05   2.9738374e+06   5.6270000e+01   6.0895512e-01   1.6545891e-02   1.5238090e-02   7.9288567e-01
   6.5757793e+05   2.9738374e+06   5.6272000e+01   6.0888939e-01   1.6406185e-02   1.5345828e-02   7.9293698e-01
   6.5757757e+05   2.9738373e+06   5.6276000e+01   6.0882049e-01   1.6388782e-02   1.5469602e-02   7.9298784e-01
   6.5757732e+05   2.9738372e+06   5.6277000e+01   6.0882049e-01   1.6388782e-02   1.5469602e-02   7.9298784e-01
   6.5757702e+05   2.9738371e+06   5.6278000e+01   6.0882364e-01   1.6266460e-02   1.5453541e-02   7.9298825e-01
   6.5757672e+05   2.9738370e+06   5.6277000e+01   6.0890246e-01   1.5884780e-02   1.5526314e-02   7.9293404e-01
   6.5757635e+05   2.9738369e+06   5.6278000e+01   6.0877006e-01   1.5664667e-02   1.4816031e-02   7.9305367e-01
   6.5757611e+05   2.9738368e+06   5.6281000e+01   6.0871030e-01   1.5291537e-02   1.4332914e-02   7.9311569e-01
   6.5757575e+05   2.9738367e+06   5.6277000e+01   6.0864648e-01   1.5050466e-02   1.4738299e-02   7.9316186e-01
   6.5757545e+05   2.9738367e+06   5.6271000e+01   6.0856929e-01   1.5367828e-02   1.5154936e-02   7.9320714e-01
   6.5757521e+05   2.9738366e+06   5.6267000e+01   6.0856795e-01   1.5420936e-02   1.5224157e-02   7.9320582e-01
   6.5757486e+05   2.9738365e+06   5.6259000e+01   6.0850323e-01   1.5216705e-02   1.5821059e-02   7.9324773e-01
   6.5757462e+05   2.9738364e+06   5.6256000e+01   6.0850550e-01   1.5115254e-02   1.6118833e-02   7.9324193e-01
   6.5757433e+05   2.9738363e+06   5.6256000e+01   6.0843760e-01   1.5060751e-02   1.6050924e-02   7.9329644e-01
   6.5757397e+05   2.9738362e+06   5.6256000e+01   6.0844345e-01   1.4816112e-02   1.6018673e-02   7.9329721e-01
   6.5757368e+05   2.9738362e+06   5.6257000e+01   6.0837998e-01   1.4570075e-02   1.5987694e-02   7.9335106e-01
   6.5757344e+05   2.9738361e+06   5.6254000e+01   6.0838566e-01   1.4325434e-02   1.5955421e-02   7.9335181e-01
   6.5757309e+05   2.9738360e+06   5.6253000e+01   6.0825215e-01   1.4110330e-02   1.5680951e-02   7.9346350e-01
   6.5757280e+05   2.9738359e+06   5.6252000e+01   6.0819141e-01   1.3737441e-02   1.5197448e-02   7.9352601e-01
   6.5757257e+05   2.9738359e+06   5.6250000e+01   6.0806238e-01   1.3298582e-02   1.5204342e-02   7.9363223e-01
   6.5757228e+05   2.9738358e+06   5.6249000e+01   6.0799812e-01   1.3057073e-02   1.5609329e-02   7.9367761e-01
   6.5757193e+05   2.9738357e+06   5.6247000e+01   6.0786249e-01   1.2915811e-02   1.5717704e-02   7.9378167e-01
   6.5757171e+05   2.9738356e+06   5.6246000e+01   6.0779160e-01   1.2988052e-02   1.6102013e-02   7.9382706e-01
   6.5757143e+05   2.9738355e+06   5.6246000e+01   6.0772071e-01   1.3060226e-02   1.6486332e-02   7.9387226e-01
   6.5757109e+05   2.9738354e+06   5.6245000e+01   6.0765730e-01   1.2781657e-02   1.6699585e-02   7.9392088e-01
   6.5757081e+05   2.9738354e+06   5.6245000e+01   6.0752315e-01   1.2566678e-02   1.6424647e-02   7.9403270e-01
   6.5757052e+05   2.9738353e+06   5.6250000e+01   6.0739423e-01   1.2086768e-02   1.5803120e-02   7.9415138e-01
   6.5757030e+05   2.9738352e+06   5.6252000e+01   6.0733417e-01   1.1612468e-02   1.5616634e-02   7.9420808e-01
   6.5757002e+05   2.9738351e+06   5.6252000e+01   6.0719453e-01   1.1662730e-02   1.5687977e-02   7.9431270e-01
   6.5756975e+05   2.9738351e+06   5.6248000e+01   6.0712247e-01   1.1803965e-02   1.6019261e-02   7.9435909e-01
   6.5756947e+05   2.9738350e+06   5.6243000e+01   6.0698619e-01   1.1682754e-02   1.6441182e-02   7.9445640e-01
   6.5756920e+05   2.9738349e+06   5.6249000e+01   6.0684513e-01   1.1802182e-02   1.6459604e-02   7.9456201e-01
   6.5756893e+05   2.9738348e+06   5.6251000e+01   6.0671187e-01   1.1518178e-02   1.6237215e-02   7.9467251e-01
   6.5756861e+05   2.9738347e+06   5.6251000e+01   6.0650845e-01   1.1269344e-02   1.6207356e-02   7.9483194e-01
   6.5756834e+05   2.9738347e+06   5.6248000e+01   6.0643845e-01   1.1304404e-02   1.6399992e-02   7.9488091e-01
   6.5756812e+05   2.9738346e+06   5.6242000e+01   6.0630040e-01   1.1268606e-02   1.6646529e-02   7.9498160e-01
   6.5756786e+05   2.9738345e+06   5.6240000e+01   6.0622569e-01   1.1548149e-02   1.6872131e-02   7.9502980e-01
   6.5756754e+05   2.9738344e+06   5.6236000e+01   6.0615867e-01   1.1424393e-02   1.6856649e-02   7.9508302e-01
   6.5756733e+05   2.9738344e+06   5.6239000e+01   6.0601954e-01   1.1437961e-02   1.6736367e-02   7.9519142e-01
   6.5756707e+05   2.9738343e+06   5.6248000e+01   6.0588727e-01   1.1081458e-02   1.6130266e-02   7.9530977e-01
   6.5756676e+05   2.9738342e+06   5.6248000e+01   6.0569031e-01   1.0442964e-02   1.5300145e-02   7.9548482e-01
   6.5756655e+05   2.9738342e+06   5.6247000e+01   6.0548230e-01   1.0419313e-02   1.4988906e-02   7.9564939e-01
   6.5756629e+05   2.9738341e+06   5.6250000e+01   6.0548289e-01   1.0383071e-02   1.4797203e-02   7.9565300e-01
   6.5756599e+05   2.9738340e+06   5.6257000e+01   6.0540948e-01   1.0609716e-02   1.4953593e-02   7.9570295e-01
   6.5756573e+05   2.9738339e+06   5.6261000e+01   6.0519359e-01   1.1025413e-02   1.5075741e-02   7.9585921e-01
   6.5756553e+05   2.9738338e+06   5.6258000e+01   6.0519741e-01   1.0817055e-02   1.5234177e-02   7.9585615e-01
   6.5756523e+05   2.9738338e+06   5.6258000e+01   6.0498966e-01   1.0776942e-02   1.5045284e-02   7.9601822e-01
   6.5756498e+05   2.9738337e+06   5.6262000e+01   6.0499029e-01   1.0738038e-02   1.4417309e-02   7.9602989e-01
   6.5756478e+05   2.9738336e+06   5.6257000e+01   6.0478831e-01   1.0367487e-02   1.4370008e-02   7.9618913e-01
   6.5756453e+05   2.9738336e+06   5.6256000e+01   6.0457558e-01   1.0608234e-02   1.4406194e-02   7.9634685e-01
   6.5756424e+05   2.9738335e+06   5.6260000e+01   6.0456805e-01   1.1027753e-02   1.4525895e-02   7.9634468e-01
   6.5756399e+05   2.9738334e+06   5.6264000e+01   6.0449436e-01   1.1254240e-02   1.4682601e-02   7.9639458e-01
   6.5756380e+05   2.9738333e+06   5.6266000e+01   6.0449078e-01   1.1445989e-02   1.4646595e-02   7.9639523e-01
   6.5756356e+05   2.9738333e+06   5.6261000e+01   6.0442875e-01   1.1041974e-02   1.4405570e-02   7.9645241e-01
   6.5756327e+05   2.9738332e+06   5.6262000e+01   6.0415173e-01   1.0981900e-02   1.3903643e-02   7.9667231e-01
   6.5756303e+05   2.9738331e+06   5.6266000e+01   6.0408163e-01   1.1014308e-02   1.3660112e-02   7.9672924e-01
   6.5756279e+05   2.9738331e+06   5.6265000e+01   6.0393800e-01   1.1258611e-02   1.4131959e-02   7.9682647e-01
   6.5756260e+05   2.9738330e+06   5.6268000e+01   6.0392775e-01   1.1800266e-02   1.4268821e-02   7.9682396e-01
   6.5756232e+05   2.9738329e+06   5.6269000e+01   6.0378734e-01   1.1867319e-02   1.4218187e-02   7.9693027e-01
   6.5756208e+05   2.9738328e+06   5.6270000e+01   6.0371571e-01   1.1971446e-02   1.4358322e-02   7.9698047e-01
   6.5756185e+05   2.9738328e+06   5.6269000e+01   6.0364481e-01   1.2039746e-02   1.4306687e-02   7.9703407e-01
   6.5756166e+05   2.9738327e+06   5.6263000e+01   6.0357660e-01   1.1968940e-02   1.4360412e-02   7.9708582e-01
   6.5756138e+05   2.9738326e+06   5.6264000e+01   6.0342913e-01   1.2385770e-02   1.4482786e-02   7.9718889e-01
   6.5756120e+05   2.9738326e+06   5.6270000e+01   6.0335288e-01   1.2715438e-02   1.4342814e-02   7.9724394e-01
   6.5756092e+05   2.9738325e+06   5.6271000e+01   6.0342737e-01   1.2487209e-02   1.3749399e-02   7.9720163e-01
   6.5756074e+05   2.9738324e+06   5.6268000e+01   6.0336319e-01   1.2222744e-02   1.3402620e-02   7.9726021e-01
   6.5756046e+05   2.9738324e+06   5.6268000e+01   6.0323112e-01   1.1868853e-02   1.2795437e-02   7.9737546e-01
   6.5756023e+05   2.9738323e+06   5.6265000e+01   6.0302389e-01   1.1794197e-02   1.2414895e-02   7.9753931e-01
   6.5756005e+05   2.9738322e+06   5.6265000e+01   6.0294751e-01   1.2142782e-02   1.2589092e-02   7.9758910e-01
   6.5755979e+05   2.9738322e+06   5.6262000e+01   6.0307643e-01   1.2637346e-02   1.3527355e-02   7.9746858e-01
   6.5755961e+05   2.9738321e+06   5.6262000e+01   6.0321199e-01   1.2814567e-02   1.3611670e-02   7.9736178e-01
   6.5755939e+05   2.9738320e+06   5.6265000e+01   6.0314130e-01   1.2881177e-02   1.3123878e-02   7.9742235e-01
   6.5755912e+05   2.9738320e+06   5.6262000e+01   6.0288344e-01   1.1876994e-02   1.1805831e-02   7.9765351e-01
   6.5755894e+05   2.9738319e+06   5.6262000e+01   6.0254425e-01   1.1415654e-02   1.1062107e-02   7.9792715e-01
   6.5755872e+05   2.9738319e+06   5.6263000e+01   6.0246855e-01   1.1730142e-02   1.1480923e-02   7.9797383e-01
   6.5755850e+05   2.9738318e+06   5.6263000e+01   6.0252096e-01   1.2589480e-02   1.2471779e-02   7.9790629e-01
   6.5755823e+05   2.9738317e+06   5.6265000e+01   6.0264447e-01   1.3343442e-02   1.2885778e-02   7.9779418e-01
   6.5755806e+05   2.9738316e+06   5.6264000e+01   6.0271897e-01   1.3117165e-02   1.2728369e-02   7.9774418e-01
   6.5755780e+05   2.9738316e+06   5.6263000e+01   6.0259350e-01   1.2482436e-02   1.1458859e-02   7.9786838e-01
   6.5755762e+05   2.9738315e+06   5.6263000e+01   6.0260101e-01   1.2146923e-02   1.0290728e-02   7.9788381e-01
   6.5755740e+05   2.9738315e+06   5.6263000e+01   6.0274673e-01   1.1816108e-02   9.9931170e-03   7.9778248e-01
   6.5755715e+05   2.9738314e+06   5.6273000e+01   6.0308409e-01   1.2395901e-02   9.8809270e-03   7.9752009e-01
   6.5755697e+05   2.9738313e+06   5.6273000e+01   6.0342615e-01   1.2697323e-02   9.9789030e-03   7.9725534e-01
   6.5755676e+05   2.9738313e+06   5.6265000e+01   6.0391296e-01   1.2671952e-02   1.0651941e-02   7.9687835e-01
   6.5755650e+05   2.9738312e+06   5.6269000e+01   6.0432516e-01   1.2969894e-02   9.8757650e-03   7.9657099e-01
   6.5755633e+05   2.9738311e+06   5.6271000e+01   6.0460713e-01   1.2812474e-02   9.2264520e-03   7.9636733e-01
   6.5755612e+05   2.9738311e+06   5.6269000e+01   6.0503458e-01   1.2275463e-02   9.0836310e-03   7.9605274e-01
   6.5755590e+05   2.9738310e+06   5.6271000e+01   6.0545765e-01   1.1963202e-02   8.6605550e-03   7.9574048e-01
   6.5755569e+05   2.9738310e+06   5.6272000e+01   6.0601241e-01   1.2035300e-02   8.1630090e-03   7.9532225e-01
   6.5755548e+05   2.9738309e+06   5.6270000e+01   6.0657387e-01   1.1706968e-02   7.8607060e-03   7.9490207e-01
   6.5755527e+05   2.9738308e+06   5.6266000e+01   6.0720727e-01   1.1203577e-02   7.4722140e-03   7.9442934e-01
   6.5755506e+05   2.9738308e+06   5.6263000e+01   6.0783491e-01   1.0997269e-02   7.1862700e-03   7.9395475e-01
   6.5755485e+05   2.9738307e+06   5.6262000e+01   6.0858880e-01   1.1445159e-02   7.6072340e-03   7.9336676e-01
   6.5755459e+05   2.9738306e+06   5.6252000e+01   6.0968166e-01   1.2184697e-02   8.6818550e-03   7.9250516e-01
   6.5755443e+05   2.9738306e+06   5.6248000e+01   6.1036981e-01   1.2352064e-02   8.8785560e-03   7.9197052e-01
   6.5755418e+05   2.9738305e+06   5.6251000e+01   6.1134226e-01   1.2096154e-02   8.5182210e-03   7.9122801e-01
   6.5755397e+05   2.9738305e+06   5.6253000e+01   6.1211961e-01   1.1102798e-02   8.0681890e-03   7.9064607e-01
   6.5755376e+05   2.9738304e+06   5.6252000e+01   6.1295998e-01   1.0354083e-02   7.6500750e-03   7.9000907e-01
   6.5755360e+05   2.9738304e+06   5.6252000e+01   6.1365260e-01   1.0161890e-02   7.2430050e-03   7.8947752e-01
   6.5755335e+05   2.9738303e+06   5.6252000e+01   6.1496650e-01   9.7913470e-03   7.3032190e-03   7.8845862e-01
   6.5755319e+05   2.9738303e+06   5.6251000e+01   6.1592972e-01   9.7553040e-03   7.6587380e-03   7.8770347e-01
   6.5755299e+05   2.9738302e+06   5.6250000e+01   6.1708817e-01   1.0379192e-02   7.7182740e-03   7.8678771e-01
   6.5755278e+05   2.9738302e+06   5.6240000e+01   6.1838848e-01   1.0578632e-02   8.2204180e-03   7.8575837e-01
   6.5755257e+05   2.9738301e+06   5.6238000e+01   6.1975937e-01   1.0549801e-02   8.5696390e-03   7.8467419e-01
   6.5755237e+05   2.9738301e+06   5.6240000e+01   6.2113132e-01   1.0376274e-02   8.0325060e-03   7.8359664e-01
   6.5755217e+05   2.9738300e+06   5.6243000e+01   6.2256719e-01   1.0336647e-02   7.9451950e-03   7.8245774e-01
   6.5755197e+05   2.9738300e+06   5.6246000e+01   6.2420122e-01   1.0543769e-02   8.4414920e-03   7.8114685e-01
   6.5755176e+05   2.9738299e+06   5.6246000e+01   6.2591256e-01   1.0016876e-02   8.2967270e-03   7.7978477e-01
   6.5755156e+05   2.9738299e+06   5.6248000e+01   6.2761001e-01   1.0197118e-02   7.9198970e-03   7.7842081e-01
   6.5755136e+05   2.9738298e+06   5.6243000e+01   6.2943774e-01   1.0503263e-02   8.1121180e-03   7.7693758e-01
   6.5755116e+05   2.9738298e+06   5.6229000e+01   6.3127652e-01   9.8708340e-03   8.3927540e-03   7.7544960e-01
   6.5755096e+05   2.9738297e+06   5.6219000e+01   6.3310887e-01   9.4240130e-03   8.0747330e-03   7.7396327e-01
   6.5755076e+05   2.9738297e+06   5.6209000e+01   6.3500503e-01   8.9524450e-03   8.0037290e-03   7.7241466e-01
   6.5755052e+05   2.9738296e+06   5.6192000e+01   6.3750770e-01   8.0626080e-03   7.8264120e-03   7.7036204e-01
   6.5755033e+05   2.9738296e+06   5.6195000e+01   6.3945759e-01   7.9043010e-03   7.0460730e-03   7.6875344e-01
   6.5755013e+05   2.9738295e+06   5.6212000e+01   6.4147271e-01   7.5308690e-03   6.5567740e-03   7.6708086e-01
   6.5754998e+05   2.9738295e+06   5.6214000e+01   6.4308341e-01   7.0421190e-03   6.6211230e-03   7.6573513e-01
   6.5754980e+05   2.9738295e+06   5.6213000e+01   6.4528652e-01   7.0048450e-03   6.5341550e-03   7.6388058e-01
   6.5754961e+05   2.9738294e+06   5.6209000e+01   6.4768647e-01   6.7028860e-03   6.6717220e-03   7.6184828e-01
   6.5754942e+05   2.9738294e+06   5.6217000e+01   6.4987940e-01   6.5615410e-03   6.3303940e-03   7.5998266e-01
   6.5754922e+05   2.9738294e+06   5.6227000e+01   6.5220441e-01   5.8609350e-03   6.0088070e-03   7.5799667e-01
   6.5754903e+05   2.9738293e+06   5.6238000e+01   6.5439039e-01   5.1879080e-03   6.1277150e-03   7.5611425e-01
   6.5754880e+05   2.9738293e+06   5.6249000e+01   6.5715088e-01   5.9642760e-03   6.8405920e-03   7.5370443e-01
   6.5754866e+05   2.9738293e+06   5.6250000e+01   6.5885381e-01   6.5547420e-03   7.4834680e-03   7.5220521e-01
   6.5754845e+05   2.9738293e+06   5.6253000e+01   6.6173990e-01   6.3181040e-03   8.7399910e-03   7.4965592e-01
   6.5754828e+05   2.9738293e+06   5.6274000e+01   6.6436265e-01   5.2108090e-03   8.0947010e-03   7.4734837e-01
   6.5754810e+05   2.9738292e+06   5.6292000e+01   6.6677823e-01   4.3983400e-03   6.4862730e-03   7.4521498e-01
   6.5754792e+05   2.9738292e+06   5.6300000e+01   6.6918229e-01   4.2050160e-03   5.8429390e-03   7.4306341e-01
   6.5754774e+05   2.9738292e+06   5.6295000e+01   6.7144536e-01   4.7319820e-03   6.7818360e-03   7.4100792e-01
   6.5754756e+05   2.9738291e+06   5.6285000e+01   6.7389026e-01   5.8604790e-03   8.2375880e-03   7.3876228e-01
   6.5754742e+05   2.9738291e+06   5.6277000e+01   6.7600540e-01   6.8923670e-03   9.1904710e-03   7.3680711e-01
   6.5754724e+05   2.9738291e+06   5.6263000e+01   6.7875871e-01   7.5638350e-03   1.0239302e-02   7.3425101e-01
   6.5754702e+05   2.9738290e+06   5.6248000e+01   6.8177650e-01   6.4536550e-03   9.6120060e-03   7.3146891e-01
   6.5754683e+05   2.9738290e+06   5.6240000e+01   6.8408389e-01   4.9475030e-03   7.4435060e-03   7.2934858e-01
   6.5754666e+05   2.9738290e+06   5.6219000e+01   6.8638195e-01   3.2901630e-03   5.7743890e-03   7.2721087e-01
   6.5754653e+05   2.9738290e+06   5.6200000e+01   6.8815870e-01   2.8838910e-03   5.3231290e-03   7.2553494e-01
   6.5754637e+05   2.9738290e+06   5.6194000e+01   6.9068131e-01   4.0504850e-03   6.3886380e-03   7.2311970e-01
   6.5754621e+05   2.9738290e+06   5.6208000e+01   6.9312587e-01   5.8239220e-03   8.3222350e-03   7.2074500e-01
   6.5754601e+05   2.9738290e+06   5.6205000e+01   6.9600228e-01   7.0701290e-03   9.6752340e-03   7.1793958e-01
   6.5754588e+05   2.9738290e+06   5.6190000e+01   6.9788548e-01   6.4784480e-03   9.6487220e-03   7.1611507e-01
   6.5754572e+05   2.9738289e+06   5.6180000e+01   7.0033082e-01   5.0386230e-03   8.7487490e-03   7.1374702e-01
   6.5754553e+05   2.9738289e+06   5.6189000e+01   7.0301128e-01   3.9678450e-03   7.4893500e-03   7.1112819e-01
   6.5754541e+05   2.9738289e+06   5.6192000e+01   7.0474847e-01   3.6786290e-03   7.1700940e-03   7.0941148e-01
   6.5754522e+05   2.9738289e+06   5.6193000e+01   7.0746517e-01   4.0766910e-03   7.7727550e-03   7.0669370e-01
   6.5754509e+05   2.9738289e+06   5.6192000e+01   7.0943201e-01   4.7187060e-03   8.7465290e-03   7.0470380e-01
   6.5754492e+05   2.9738289e+06   5.6185000e+01   7.1206875e-01   5.1278220e-03   9.5899420e-03   7.0202552e-01
   6.5754475e+05   2.9738289e+06   5.6190000e+01   7.1451323e-01   5.4002540e-03   8.8290030e-03   6.9954537e-01
   6.5754458e+05   2.9738289e+06   5.6190000e+01   7.1695980e-01   4.0597860e-03   7.8420310e-03   6.9705858e-01
   6.5754442e+05   2.9738289e+06   5.6187000e+01   7.1933728e-01   1.7832090e-03   6.6958280e-03   6.9462642e-01
   6.5754427e+05   2.9738289e+06   5.6207000e+01   7.2175845e-01   1.5210320e-03   4.8440000e-03   6.9212640e-01
   6.5754408e+05   2.9738290e+06   5.6209000e+01   7.2477116e-01   1.7256520e-03   4.7709470e-03   6.8897099e-01
   6.5754396e+05   2.9738290e+06   5.6208000e+01   7.2686868e-01   2.8255500e-03   6.0311870e-03   6.8674418e-01
   6.5754380e+05   2.9738290e+06   5.6210000e+01   7.2961377e-01   4.0674780e-03   7.4002890e-03   6.8380731e-01
   6.5754361e+05   2.9738290e+06   5.6208000e+01   7.3276680e-01   4.3894010e-03   8.4821550e-03   6.8041282e-01
   6.5754348e+05   2.9738290e+06   5.6211000e+01   7.3489650e-01   5.0967170e-03   8.5027360e-03   6.7810682e-01
   6.5754328e+05   2.9738290e+06   5.6210000e+01   7.3808534e-01   4.9268980e-03   7.9321620e-03   6.7464274e-01
   6.5754315e+05   2.9738290e+06   5.6205000e+01   7.4014930e-01   3.7593540e-03   7.5418000e-03   6.7238977e-01
   6.5754300e+05   2.9738290e+06   5.6209000e+01   7.4272878e-01   3.1273660e-03   6.6965360e-03   6.6955160e-01
   6.5754281e+05   2.9738290e+06   5.6209000e+01   7.4593394e-01   3.1827170e-03   6.0003010e-03   6.6598531e-01
   6.5754268e+05   2.9738290e+06   5.6200000e+01   7.4819826e-01   2.6450630e-03   5.9611160e-03   6.6344317e-01
   6.5754250e+05   2.9738291e+06   5.6196000e+01   7.5149125e-01   1.8701850e-03   5.9383570e-03   6.5971368e-01
   6.5754238e+05   2.9738291e+06   5.6200000e+01   7.5356061e-01   1.7321290e-03   5.4483520e-03   6.5735358e-01
   6.5754221e+05   2.9738291e+06   5.6210000e+01   7.5642194e-01   1.8075280e-03   4.4471180e-03   6.5406637e-01
   6.5754209e+05   2.9738291e+06   5.6217000e+01   7.5824610e-01   1.5936070e-03   3.9021860e-03   6.5195482e-01
   6.5754191e+05   2.9738291e+06   5.6222000e+01   7.6148023e-01   1.2906260e-03   3.7344060e-03   6.4817609e-01
   6.5754179e+05   2.9738291e+06   5.6223000e+01   7.6379325e-01   1.8578610e-03   4.4263270e-03   6.4544313e-01
   6.5754161e+05   2.9738292e+06   5.6223000e+01   7.6721523e-01   2.8747000e-03   5.1329990e-03   6.4136275e-01
   6.5754149e+05   2.9738292e+06   5.6217000e+01   7.6928298e-01   2.6341070e-03   5.0235620e-03   6.3888303e-01
   6.5754134e+05   2.9738292e+06   5.6212000e+01   7.7195481e-01   1.7476850e-03   4.6043910e-03   6.3565834e-01
   6.5754119e+05   2.9738293e+06   5.6211000e+01   7.7477653e-01   1.4371240e-03   5.0022320e-03   6.3221377e-01
   6.5754105e+05   2.9738293e+06   5.6221000e+01   7.7752509e-01   2.6024230e-03   5.2473150e-03   6.2882464e-01
   6.5754089e+05   2.9738293e+06   5.6233000e+01   7.8014812e-01   3.7419270e-03   5.2376360e-03   6.2556173e-01
   6.5754075e+05   2.9738293e+06   5.6234000e+01   7.8276205e-01   3.6815230e-03   5.0449990e-03   6.2228978e-01
   6.5754060e+05   2.9738294e+06   5.6224000e+01   7.8541846e-01   3.0612360e-03   4.8567410e-03   6.1893852e-01
   6.5754044e+05   2.9738294e+06   5.6222000e+01   7.8827249e-01   3.1759650e-03   4.5824690e-03   6.1530106e-01
   6.5754029e+05   2.9738294e+06   5.6222000e+01   7.9100595e-01   2.3836290e-03   4.0500420e-03   6.1179041e-01
   6.5754011e+05   2.9738295e+06   5.6223000e+01   7.9420180e-01   4.9676300e-04   2.7974180e-03   6.0764746e-01
   6.5753996e+05   2.9738295e+06   5.6222000e+01   7.9679288e-01  -3.7841000e-04   2.2320350e-03   6.0424828e-01
   6.5753984e+05   2.9738296e+06   5.6219000e+01   7.9889729e-01  -2.3118300e-04   2.3383170e-03   6.0146288e-01
   6.5753966e+05   2.9738296e+06   5.6220000e+01   8.0234810e-01  -4.1810000e-05   2.6879860e-03   5.9685032e-01
   6.5753951e+05   2.9738297e+06   5.6228000e+01   8.0530672e-01  -3.2420100e-04   2.7955160e-03   5.9285173e-01
   6.5753935e+05   2.9738297e+06   5.6241000e+01   8.0824567e-01  -3.8082500e-04   2.7457080e-03   5.8883890e-01
   6.5753920e+05   2.9738297e+06   5.6239000e+01   8.1106129e-01  -1.2796160e-03   2.5201490e-03   5.8495435e-01
   6.5753908e+05   2.9738298e+06   5.6231000e+01   8.1319616e-01  -2.5887800e-03   2.1178390e-03   5.8198008e-01
   6.5753890e+05   2.9738299e+06   5.6227000e+01   8.1642664e-01  -4.2451240e-03   1.1661710e-03   5.7743238e-01
   6.5753875e+05   2.9738299e+06   5.6227000e+01   8.1918677e-01  -4.6612400e-03   5.7168300e-04   5.7350761e-01
   6.5753860e+05   2.9738300e+06   5.6227000e+01   8.2203312e-01  -3.9630260e-03   9.7035100e-04   5.6942506e-01
   6.5753845e+05   2.9738300e+06   5.6224000e+01   8.2500764e-01  -2.7872380e-03   2.2160630e-03   5.6511036e-01
   6.5753834e+05   2.9738301e+06   5.6222000e+01   8.2732054e-01  -2.0329750e-03   2.8388870e-03   5.6171927e-01
   6.5753816e+05   2.9738301e+06   5.6222000e+01   8.3093254e-01  -1.1923710e-03   3.1924500e-03   5.5636274e-01
   6.5753801e+05   2.9738302e+06   5.6224000e+01   8.3383359e-01  -1.4175140e-03   3.2478380e-03   5.5200451e-01
   6.5753790e+05   2.9738302e+06   5.6228000e+01   8.3599279e-01  -2.1069710e-03   3.2099980e-03   5.4872699e-01
   6.5753773e+05   2.9738303e+06   5.6231000e+01   8.3937379e-01  -2.9143990e-03   2.8951630e-03   5.4353911e-01
   6.5753761e+05   2.9738304e+06   5.6229000e+01   8.4178461e-01  -2.7753180e-03   3.1963440e-03   5.3979695e-01
   6.5753746e+05   2.9738304e+06   5.6233000e+01   8.4479033e-01  -1.3910960e-03   3.6640270e-03   5.3508312e-01
   6.5753732e+05   2.9738305e+06   5.6241000e+01   8.4762838e-01  -4.4666800e-04   3.8385200e-03   5.3057629e-01
   6.5753718e+05   2.9738305e+06   5.6241000e+01   8.5016496e-01  -5.4837700e-04   3.8688640e-03   5.2650192e-01
   6.5753704e+05   2.9738306e+06   5.6236000e+01   8.5268096e-01  -1.0842150e-03   3.9411450e-03   5.2241599e-01
   6.5753687e+05   2.9738307e+06   5.6237000e+01   8.5585653e-01  -1.0149850e-03   3.8730070e-03   5.1719781e-01
   6.5753673e+05   2.9738308e+06   5.6240000e+01   8.5859847e-01   2.1902200e-04   4.3995370e-03   5.1262974e-01
   6.5753659e+05   2.9738308e+06   5.6238000e+01   8.6131374e-01   1.4758870e-03   5.2271770e-03   5.0804442e-01
   6.5753645e+05   2.9738309e+06   5.6232000e+01   8.6391593e-01   2.1562820e-03   6.0044870e-03   5.0359564e-01
   6.5753632e+05   2.9738310e+06   5.6229000e+01   8.6649496e-01   2.6499060e-03   6.7633970e-03   4.9913297e-01
   6.5753619e+05   2.9738311e+06   5.6229000e+01   8.6909619e-01   2.5557880e-03   6.9769510e-03   4.9458730e-01
   6.5753605e+05   2.9738311e+06   5.6233000e+01   8.7180402e-01   2.1897950e-03   6.4353590e-03   4.8980766e-01
   6.5753595e+05   2.9738312e+06   5.6234000e+01   8.7384956e-01   1.6490980e-03   6.0104750e-03   4.8615646e-01
   6.5753579e+05   2.9738313e+06   5.6230000e+01   8.7672015e-01   7.2466200e-04   5.5734240e-03   4.8096798e-01
   6.5753569e+05   2.9738313e+06   5.6235000e+01   8.7851930e-01   1.1423160e-03   5.3890650e-03   4.7767509e-01
   6.5753554e+05   2.9738314e+06   5.6245000e+01   8.8133477e-01   2.9900160e-03   6.0584990e-03   4.7244404e-01
   6.5753541e+05   2.9738315e+06   5.6253000e+01   8.8374729e-01   4.9129300e-03   6.9458580e-03   4.6788712e-01
   6.5753531e+05   2.9738316e+06   5.6259000e+01   8.8565470e-01   5.6774900e-03   7.2129900e-03   4.6425370e-01
   6.5753516e+05   2.9738317e+06   5.6264000e+01   8.8832096e-01   4.3583950e-03   6.7716310e-03   4.5915251e-01
   6.5753503e+05   2.9738318e+06   5.6269000e+01   8.9044097e-01   3.0306850e-03   5.9589150e-03   4.5504964e-01
   6.5753491e+05   2.9738318e+06   5.6273000e+01   8.9273416e-01   2.9064640e-03   5.4746150e-03   4.5054112e-01
   6.5753481e+05   2.9738319e+06   5.6275000e+01   8.9472806e-01   3.7894100e-03   5.5000410e-03   4.4656141e-01
   6.5753469e+05   2.9738320e+06   5.6274000e+01   8.9716383e-01   5.0325230e-03   5.9789290e-03   4.4162879e-01
   6.5753454e+05   2.9738321e+06   5.6265000e+01   8.9980722e-01   4.7614840e-03   6.3815780e-03   4.3621506e-01
   6.5753442e+05   2.9738322e+06   5.6262000e+01   9.0170869e-01   3.2941990e-03   5.6439770e-03   4.3229472e-01
   6.5753430e+05   2.9738323e+06   5.6265000e+01   9.0370262e-01   2.3241440e-03   4.6739600e-03   4.2812886e-01
   6.5753421e+05   2.9738324e+06   5.6267000e+01   9.0545130e-01   2.3013190e-03   4.5483360e-03   4.2441955e-01
   6.5753407e+05   2.9738325e+06   5.6270000e+01   9.0802409e-01   3.2799420e-03   4.9728410e-03   4.1887560e-01
   6.5753395e+05   2.9738326e+06   5.6274000e+01   9.1002300e-01   3.7299570e-03   4.8634940e-03   4.1451245e-01
   6.5753387e+05   2.9738327e+06   5.6274000e+01   9.1143011e-01   3.4206120e-03   4.5121850e-03   4.1141596e-01
   6.5753373e+05   2.9738328e+06   5.6274000e+01   9.1364269e-01   3.4095010e-03   4.5733410e-03   4.0647816e-01
   6.5753363e+05   2.9738329e+06   5.6276000e+01   9.1519610e-01   3.5867680e-03   4.6305470e-03   4.0296623e-01
   6.5753350e+05   2.9738330e+06   5.6280000e+01   9.1763669e-01   4.6345740e-03   4.6696830e-03   3.9736585e-01
   6.5753341e+05   2.9738331e+06   5.6281000e+01   9.1922044e-01   5.4095950e-03   4.8800180e-03   3.9367589e-01
   6.5753329e+05   2.9738332e+06   5.6280000e+01   9.2113046e-01   5.8477520e-03   5.2180620e-03   3.8917509e-01
   6.5753318e+05   2.9738333e+06   5.6279000e+01   9.2288998e-01   5.3209470e-03   5.1509630e-03   3.8499252e-01
   6.5753307e+05   2.9738334e+06   5.6280000e+01   9.2472940e-01   5.0417590e-03   4.7172240e-03   3.8056257e-01
   6.5753293e+05   2.9738335e+06   5.6284000e+01   9.2700413e-01   5.0700710e-03   4.6867810e-03   3.7498755e-01
   6.5753284e+05   2.9738336e+06   5.6290000e+01   9.2856674e-01   5.0896590e-03   4.6655020e-03   3.7110125e-01
   6.5753272e+05   2.9738337e+06   5.6295000e+01   9.3033807e-01   4.9816160e-03   4.4958430e-03   3.6664158e-01
   6.5753259e+05   2.9738339e+06   5.6305000e+01   9.3240118e-01   5.4718970e-03   3.9925510e-03   3.6136153e-01
   6.5753250e+05   2.9738339e+06   5.6308000e+01   9.3377777e-01   6.1390890e-03   4.2212860e-03   3.5777586e-01
   6.5753240e+05   2.9738341e+06   5.6304000e+01   9.3554033e-01   6.9147890e-03   4.6621380e-03   3.5312143e-01
   6.5753229e+05   2.9738342e+06   5.6297000e+01   9.3734173e-01   7.4808950e-03   4.9210350e-03   3.4829627e-01
   6.5753216e+05   2.9738343e+06   5.6288000e+01   9.3936174e-01   7.5017580e-03   5.1530480e-03   3.4280707e-01
   6.5753207e+05   2.9738344e+06   5.6285000e+01   9.4064597e-01   6.9168240e-03   4.9996920e-03   3.3928207e-01
   6.5753195e+05   2.9738346e+06   5.6286000e+01   9.4256153e-01   6.0985710e-03   4.4753090e-03   3.3394693e-01
   6.5753184e+05   2.9738347e+06   5.6294000e+01   9.4418266e-01   6.1242010e-03   4.1695280e-03   3.2933906e-01
   6.5753173e+05   2.9738348e+06   5.6305000e+01   9.4580973e-01   6.0339950e-03   4.1932200e-03   3.2463819e-01
   6.5753165e+05   2.9738349e+06   5.6312000e+01   9.4702175e-01   5.9950670e-03   4.0598860e-03   3.2108780e-01
   6.5753155e+05   2.9738351e+06   5.6314000e+01   9.4855035e-01   6.2628140e-03   4.1139350e-03   3.1653767e-01
   6.5753143e+05   2.9738352e+06   5.6315000e+01   9.5032725e-01   6.7293290e-03   4.4071240e-03   3.1114855e-01
   6.5753134e+05   2.9738353e+06   5.6314000e+01   9.5151381e-01   6.8854350e-03   4.5179550e-03   3.0749578e-01
   6.5753122e+05   2.9738355e+06   5.6315000e+01   9.5329343e-01   7.2403580e-03   4.3070950e-03   3.0192822e-01
   6.5753112e+05   2.9738356e+06   5.6314000e+01   9.5475678e-01   7.3965260e-03   4.1309670e-03   2.9726707e-01
   6.5753104e+05   2.9738357e+06   5.6315000e+01   9.5584310e-01   6.9689140e-03   4.0590630e-03   2.9376678e-01
   6.5753094e+05   2.9738359e+06   5.6319000e+01   9.5709935e-01   5.5992870e-03   3.7918010e-03   2.8968103e-01
   6.5753085e+05   2.9738360e+06   5.6320000e+01   9.5828522e-01   4.5525940e-03   3.3609990e-03   2.8575763e-01
   6.5753074e+05   2.9738362e+06   5.6317000e+01   9.5971491e-01   5.5051190e-03   3.2480450e-03   2.8090290e-01
   6.5753067e+05   2.9738363e+06   5.6315000e+01   9.6065911e-01   6.4979140e-03   3.6038600e-03   2.7763081e-01
   6.5753058e+05   2.9738364e+06   5.6310000e+01   9.6178244e-01   7.4959350e-03   3.9477130e-03   2.7368369e-01
   6.5753049e+05   2.9738366e+06   5.6307000e+01   9.6284646e-01   7.9079460e-03   4.1200370e-03   2.6990217e-01
   6.5753039e+05   2.9738367e+06   5.6309000e+01   9.6392689e-01   7.2659370e-03   4.1781010e-03   2.6603515e-01
   6.5753030e+05   2.9738369e+06   5.6315000e+01   9.6492658e-01   6.1943000e-03   3.4933810e-03   2.6242356e-01
   6.5753020e+05   2.9738370e+06   5.6315000e+01   9.6608999e-01   5.3441880e-03   3.3248260e-03   2.5812886e-01
   6.5753013e+05   2.9738372e+06   5.6310000e+01   9.6676282e-01   5.2015870e-03   3.5416140e-03   2.5559742e-01
   6.5753005e+05   2.9738373e+06   5.6310000e+01   9.6762331e-01   5.9551990e-03   3.4467110e-03   2.5230496e-01
   6.5752994e+05   2.9738375e+06   5.6325000e+01   9.6868463e-01   7.2812110e-03   3.5769930e-03   2.4816178e-01
   6.5752984e+05   2.9738376e+06   5.6347000e+01   9.6956165e-01   7.9075920e-03   3.6157830e-03   2.4469286e-01
   6.5752975e+05   2.9738378e+06   5.6356000e+01   9.7043094e-01   7.9204780e-03   3.5874680e-03   2.4122229e-01
   6.5752969e+05   2.9738379e+06   5.6354000e+01   9.7110729e-01   7.1038330e-03   3.2724490e-03   2.3851510e-01
   6.5752960e+05   2.9738381e+06   5.6357000e+01   9.7196119e-01   6.2207420e-03   2.4919610e-03   2.3504583e-01
   6.5752954e+05   2.9738382e+06   5.6359000e+01   9.7253425e-01   5.9518980e-03   2.5007100e-03   2.3267026e-01
   6.5752945e+05   2.9738383e+06   5.6356000e+01   9.7338008e-01   5.9260010e-03   3.0085300e-03   2.2910051e-01
   6.5752938e+05   2.9738385e+06   5.6359000e+01   9.7404920e-01   6.9883780e-03   2.6980720e-03   2.2621240e-01
   6.5752933e+05   2.9738386e+06   5.6356000e+01   9.7457413e-01   7.7337230e-03   2.5827790e-03   2.2391692e-01
   6.5752924e+05   2.9738388e+06   5.6341000e+01   9.7532888e-01   7.9015490e-03   3.0397610e-03   2.2059443e-01
   6.5752919e+05   2.9738389e+06   5.6337000e+01   9.7580967e-01   7.7098950e-03   2.7098560e-03   2.1846899e-01
   6.5752911e+05   2.9738390e+06   5.6327000e+01   9.7655214e-01   7.1037560e-03   2.6373940e-03   2.1514761e-01
   6.5752906e+05   2.9738392e+06   5.6325000e+01   9.7701857e-01   7.1947540e-03   2.6404790e-03   2.1301636e-01
   6.5752898e+05   2.9738393e+06   5.6327000e+01   9.7771890e-01   7.3071010e-03   2.5495910e-03   2.0977572e-01
   6.5752891e+05   2.9738395e+06   5.6324000e+01   9.7824679e-01   7.2592540e-03   2.7871940e-03   2.0729869e-01
   6.5752886e+05   2.9738396e+06   5.6322000e+01   9.7867756e-01   7.4179740e-03   2.8932120e-03   2.0524822e-01
   6.5752879e+05   2.9738397e+06   5.6324000e+01   9.7929912e-01   7.5651930e-03   2.6318130e-03   2.0225992e-01
   6.5752872e+05   2.9738399e+06   5.6321000e+01   9.7980718e-01   7.6573330e-03   2.6300930e-03   1.9978070e-01
   6.5752868e+05   2.9738400e+06   5.6319000e+01   9.8018893e-01   7.6623690e-03   2.6153870e-03   1.9789924e-01
   6.5752860e+05   2.9738401e+06   5.6319000e+01   9.8074027e-01   7.3613650e-03   2.3546850e-03   1.9516351e-01
   6.5752854e+05   2.9738403e+06   5.6317000e+01   9.8119739e-01   7.3668920e-03   2.3373330e-03   1.9285215e-01
   6.5752849e+05   2.9738404e+06   5.6321000e+01   9.8161508e-01   7.4742800e-03   2.2522360e-03   1.9071153e-01
   6.5752844e+05   2.9738405e+06   5.6321000e+01   9.8196214e-01   7.5970600e-03   2.0836370e-03   1.8891348e-01
   6.5752838e+05   2.9738407e+06   5.6313000e+01   9.8248658e-01   7.5008640e-03   2.1319050e-03   1.8617010e-01
   6.5752833e+05   2.9738408e+06   5.6313000e+01   9.8281052e-01   7.4510020e-03   1.9311810e-03   1.8445657e-01
   6.5752828e+05   2.9738410e+06   5.6306000e+01   9.8318019e-01   7.2514150e-03   2.0559700e-03   1.8248260e-01
   6.5752822e+05   2.9738411e+06   5.6304000e+01   9.8351301e-01   7.2394030e-03   2.1285050e-03   1.8067987e-01
   6.5752816e+05   2.9738412e+06   5.6307000e+01   9.8387234e-01   7.4309750e-03   2.0593010e-03   1.7870577e-01
   6.5752810e+05   2.9738414e+06   5.6309000e+01   9.8425508e-01   8.0521070e-03   2.0650450e-03   1.7655831e-01
   6.5752804e+05   2.9738415e+06   5.6316000e+01   9.8457602e-01   8.1875510e-03   1.8077750e-03   1.7475627e-01
   6.5752799e+05   2.9738417e+06   5.6322000e+01   9.8485394e-01   7.6190010e-03   1.5172140e-03   1.7321190e-01
   6.5752793e+05   2.9738418e+06   5.6320000e+01   9.8511349e-01   7.1014760e-03   1.9467730e-03   1.7174747e-01
   6.5752787e+05   2.9738420e+06   5.6324000e+01   9.8541347e-01   6.8765600e-03   1.7178750e-03   1.7002959e-01
   6.5752780e+05   2.9738422e+06   5.6324000e+01   9.8574747e-01   7.6121750e-03   1.5633230e-03   1.6805219e-01
   6.5752775e+05   2.9738423e+06   5.6321000e+01   9.8594595e-01   8.3593200e-03   1.8571430e-03   1.6684499e-01
   6.5752770e+05   2.9738425e+06   5.6316000e+01   9.8617738e-01   8.4190840e-03   2.0320300e-03   1.6546653e-01
   6.5752764e+05   2.9738426e+06   5.6313000e+01   9.8639726e-01   7.9339180e-03   1.7628870e-03   1.6417793e-01
   6.5752758e+05   2.9738428e+06   5.6310000e+01   9.8661233e-01   7.8208820e-03   1.3796780e-03   1.6288965e-01
   6.5752751e+05   2.9738430e+06   5.6308000e+01   9.8683832e-01   7.8807290e-03   1.5550870e-03   1.6151042e-01
   6.5752747e+05   2.9738431e+06   5.6311000e+01   9.8696408e-01   7.9821040e-03   1.4767950e-03   1.6073587e-01
   6.5752739e+05   2.9738433e+06   5.6309000e+01   9.8718603e-01   8.1703620e-03   1.4073130e-03   1.5935811e-01
   6.5752734e+05   2.9738434e+06   5.6306000e+01   9.8732532e-01   8.0992580e-03   1.3001910e-03   1.5849740e-01
   6.5752728e+05   2.9738436e+06   5.6307000e+01   9.8747910e-01   7.8419810e-03   1.2511690e-03   1.5754989e-01
   6.5752723e+05   2.9738437e+06   5.6309000e+01   9.8761964e-01   7.3984670e-03   1.2621430e-03   1.5668798e-01
   6.5752717e+05   2.9738439e+06   5.6312000e+01   9.8775632e-01   7.3541630e-03   9.8349400e-04   1.5582808e-01
   6.5752711e+05   2.9738441e+06   5.6313000e+01   9.8792767e-01   7.9722660e-03   9.8344200e-04   1.5470747e-01
   6.5752705e+05   2.9738443e+06   5.6314000e+01   9.8809762e-01   8.5635700e-03   1.1544460e-03   1.5358524e-01
   6.5752699e+05   2.9738444e+06   5.6316000e+01   9.8824417e-01   8.6046340e-03   8.8750300e-04   1.5263889e-01
   6.5752694e+05   2.9738446e+06   5.6317000e+01   9.8839516e-01   8.0149440e-03   7.0032600e-04   1.5169136e-01
   6.5752689e+05   2.9738448e+06   5.6316000e+01   9.8853201e-01   7.3985320e-03   6.8746100e-04   1.5082853e-01
   6.5752685e+05   2.9738449e+06   5.6320000e+01   9.8862496e-01   7.2526210e-03   4.8417500e-04   1.5022600e-01
   6.5752679e+05   2.9738451e+06   5.6324000e+01   9.8876597e-01   7.6112530e-03   4.4303400e-04   1.4927739e-01
   6.5752675e+05   2.9738452e+06   5.6330000e+01   9.8883952e-01   8.1552020e-03   3.4435300e-04   1.4876078e-01
   6.5752669e+05   2.9738454e+06   5.6337000e+01   9.8893720e-01   8.8458510e-03   4.4203200e-04   1.4807013e-01
   6.5752663e+05   2.9738456e+06   5.6340000e+01   9.8903699e-01   9.2042570e-03   4.0099200e-04   1.4738030e-01
   6.5752657e+05   2.9738457e+06   5.6340000e+01   9.8910416e-01   8.8719910e-03   2.5936500e-04   1.4694962e-01
   6.5752652e+05   2.9738458e+06   5.6337000e+01   9.8914583e-01   8.5139830e-03   2.9215700e-04   1.4669003e-01
   6.5752647e+05   2.9738460e+06   5.6330000e+01   9.8918657e-01   8.2423140e-03   3.3791500e-04   1.4643044e-01
   6.5752642e+05   2.9738462e+06   5.6329000e+01   9.8922481e-01   8.2070940e-03  -2.2304000e-05   1.4617424e-01
   6.5752637e+05   2.9738463e+06   5.6324000e+01   9.8924907e-01   8.3670070e-03   8.8074000e-05   1.4600089e-01
   6.5752633e+05   2.9738465e+06   5.6321000e+01   9.8925991e-01   8.5651370e-03  -5.9848000e-05   1.4591598e-01
   6.5752629e+05   2.9738466e+06   5.6332000e+01   9.8928362e-01   8.7505050e-03  -1.2223700e-04   1.4574405e-01
   6.5752624e+05   2.9738468e+06   5.6340000e+01   9.8934581e-01   8.9104460e-03  -1.4357000e-05   1.4531166e-01
   6.5752619e+05   2.9738470e+06   5.6339000e+01   9.8938153e-01   9.1210900e-03  -2.5039400e-04   1.4505492e-01
   6.5752614e+05   2.9738471e+06   5.6340000e+01   9.8942050e-01   8.9251610e-03  -7.2240700e-04   1.4479948e-01
   6.5752611e+05   2.9738472e+06   5.6340000e+01   9.8942286e-01   8.7145740e-03  -4.8864800e-04   1.4479720e-01
   6.5752605e+05   2.9738474e+06   5.6341000e+01   9.8948583e-01   8.8114830e-03   5.0841000e-05   1.4436115e-01
   6.5752601e+05   2.9738475e+06   5.6352000e+01   9.8950828e-01   9.0470980e-03  -3.5728700e-04   1.4419219e-01
   6.5752596e+05   2.9738477e+06   5.6362000e+01   9.8956898e-01   9.2447390e-03  -5.0885700e-04   1.4376200e-01
   6.5752592e+05   2.9738478e+06   5.6356000e+01   9.8958286e-01   9.2182330e-03   2.8009300e-04   1.4366873e-01
   6.5752588e+05   2.9738480e+06   5.6355000e+01   9.8959519e-01   9.2307850e-03   1.9293000e-04   1.4358315e-01
   6.5752582e+05   2.9738482e+06   5.6348000e+01   9.8965946e-01   9.0092480e-03  -1.0766800e-04   1.4315365e-01
   6.5752578e+05   2.9738483e+06   5.6346000e+01   9.8968510e-01   8.9718030e-03   1.4985900e-04   1.4297866e-01
   6.5752573e+05   2.9738485e+06   5.6352000e+01   9.8971060e-01   8.8979210e-03   4.9462000e-05   1.4280668e-01
   6.5752568e+05   2.9738486e+06   5.6351000e+01   9.8973859e-01   8.5890350e-03   3.5605200e-04   1.4263105e-01
   6.5752563e+05   2.9738488e+06   5.6348000e+01   9.8980272e-01   8.3792120e-03   5.8661600e-04   1.4219710e-01
   6.5752559e+05   2.9738489e+06   5.6354000e+01   9.8982516e-01   8.6140360e-03   1.7804800e-04   1.4202788e-01
   6.5752555e+05   2.9738491e+06   5.6353000e+01   9.8986231e-01   8.6140830e-03   1.7579300e-04   1.4176874e-01
   6.5752551e+05   2.9738492e+06   5.6349000e+01   9.8988513e-01   8.8485550e-03   3.8412700e-04   1.4159442e-01
   6.5752546e+05   2.9738494e+06   5.6348000e+01   9.8991618e-01   9.4780270e-03   2.9537400e-04   1.4133661e-01
   6.5752541e+05   2.9738495e+06   5.6339000e+01   9.8995921e-01   1.0132347e-02   6.4966700e-04   1.4098823e-01
   6.5752537e+05   2.9738496e+06   5.6337000e+01   9.8998091e-01   1.0403924e-02   5.9837200e-04   1.4081616e-01
   6.5752532e+05   2.9738498e+06   5.6337000e+01   9.9000695e-01   1.0280818e-02   8.4346600e-04   1.4064078e-01
   6.5752529e+05   2.9738499e+06   5.6338000e+01   9.9000907e-01   1.0083485e-02   9.9170900e-04   1.4063919e-01
   6.5752524e+05   2.9738501e+06   5.6345000e+01   9.9003465e-01   9.9598920e-03   6.1984500e-04   1.4046998e-01
   6.5752520e+05   2.9738502e+06   5.6342000e+01   9.9007034e-01   1.0083916e-02   9.8730900e-04   1.4020721e-01
   6.5752516e+05   2.9738504e+06   5.6342000e+01   9.9008006e-01   1.0330978e-02   1.1095140e-03   1.4011965e-01
   6.5752512e+05   2.9738505e+06   5.6346000e+01   9.9009357e-01   1.0194929e-02   8.2496500e-04   1.4003607e-01
   6.5752507e+05   2.9738506e+06   5.6344000e+01   9.9010717e-01   1.0071962e-02   1.0710720e-03   1.3994713e-01
   6.5752503e+05   2.9738508e+06   5.6345000e+01   9.9011745e-01   1.0257069e-02   1.0082000e-03   1.3986143e-01
   6.5752498e+05   2.9738509e+06   5.6342000e+01   9.9014110e-01   1.0331461e-02   1.1050060e-03   1.3968763e-01
   6.5752494e+05   2.9738510e+06   5.6331000e+01   9.9017442e-01   1.0640886e-02   1.4101980e-03   1.3942524e-01
   6.5752489e+05   2.9738512e+06   5.6328000e+01   9.9019562e-01   1.0924669e-02   1.2719750e-03   1.3925394e-01
   6.5752485e+05   2.9738513e+06   5.6325000e+01   9.9022116e-01   1.0814204e-02   1.4307570e-03   1.3907935e-01
   6.5752482e+05   2.9738514e+06   5.6324000e+01   9.9023436e-01   1.0715785e-02   1.5040980e-03   1.3899213e-01
   6.5752478e+05   2.9738516e+06   5.6332000e+01   9.9026125e-01   1.0468912e-02   1.3794690e-03   1.3882060e-01
   6.5752474e+05   2.9738517e+06   5.6329000e+01   9.9027440e-01   1.0370508e-02   1.4528660e-03   1.3873340e-01
   6.5752470e+05   2.9738519e+06   5.6325000e+01   9.9028650e-01   1.0370635e-02   1.4519610e-03   1.3864698e-01
   6.5752467e+05   2.9738520e+06   5.6320000e+01   9.9031069e-01   1.0370888e-02   1.4501510e-03   1.3847414e-01
   6.5752462e+05   2.9738521e+06   5.6314000e+01   9.9033233e-01   1.0606272e-02   1.6573930e-03   1.3829905e-01
   6.5752459e+05   2.9738522e+06   5.6312000e+01   9.9035564e-01   1.0680932e-02   1.7540210e-03   1.3812512e-01
   6.5752455e+05   2.9738524e+06   5.6307000e+01   9.9038178e-01   1.0484305e-02   1.9009330e-03   1.3795072e-01
   6.5752450e+05   2.9738525e+06   5.6302000e+01   9.9039398e-01   1.0460407e-02   2.0728740e-03   1.3786244e-01
   6.5752447e+05   2.9738526e+06   5.6299000e+01   9.9040698e-01   1.0362135e-02   2.1463680e-03   1.3777527e-01
   6.5752443e+05   2.9738528e+06   5.6300000e+01   9.9041802e-01   1.0460769e-02   2.0710490e-03   1.3768959e-01
   6.5752440e+05   2.9738529e+06   5.6298000e+01   9.9043759e-01   1.0857286e-02   2.3885210e-03   1.3751291e-01
   6.5752436e+05   2.9738530e+06   5.6297000e+01   9.9045591e-01   1.1340345e-02   2.7178370e-03   1.3733572e-01
   6.5752431e+05   2.9738532e+06   5.6302000e+01   9.9047882e-01   1.1439226e-02   2.6413920e-03   1.3716364e-01
   6.5752427e+05   2.9738533e+06   5.6312000e+01   9.9050733e-01   1.1067281e-02   2.1474320e-03   1.3699682e-01
   6.5752422e+05   2.9738535e+06   5.6313000e+01   9.9052342e-01   1.0650016e-02   2.6173110e-03   1.3690541e-01
   6.5752419e+05   2.9738536e+06   5.6314000e+01   9.9052342e-01   1.0650016e-02   2.6173110e-03   1.3690541e-01
   6.5752416e+05   2.9738537e+06   5.6312000e+01   9.9054822e-01   1.0564031e-02   2.6035200e-03   1.3673275e-01
   6.5752411e+05   2.9738539e+06   5.6313000e+01   9.9056640e-01   1.1083146e-02   2.6731780e-03   1.3655849e-01
   6.5752408e+05   2.9738540e+06   5.6319000e+01   9.9057632e-01   1.1268180e-02   2.6095860e-03   1.3647258e-01
   6.5752405e+05   2.9738541e+06   5.6319000e+01   9.9058928e-01   1.1158154e-02   2.7695910e-03   1.3638436e-01
   6.5752401e+05   2.9738542e+06   5.6314000e+01   9.9060215e-01   1.1071949e-02   2.7567230e-03   1.3629816e-01
   6.5752398e+05   2.9738543e+06   5.6311000e+01   9.9061601e-01   1.0863627e-02   2.9913250e-03   1.3620924e-01
   6.5752394e+05   2.9738545e+06   5.6315000e+01   9.9062977e-01   1.0690991e-02   2.9666190e-03   1.3612331e-01
   6.5752390e+05   2.9738546e+06   5.6318000e+01   9.9065438e-01   1.0652524e-02   2.6070870e-03   1.3595451e-01
   6.5752387e+05   2.9738547e+06   5.6304000e+01   9.9066629e-01   1.0629033e-02   2.7790600e-03   1.3586614e-01
   6.5752383e+05   2.9738548e+06   5.6300000e+01   9.9067437e-01   1.0975087e-02   2.8255280e-03   1.3577871e-01
   6.5752380e+05   2.9738550e+06   5.6306000e+01   9.9069901e-01   1.0889125e-02   2.8117790e-03   1.3560605e-01
   6.5752377e+05   2.9738551e+06   5.6310000e+01   9.9071180e-01   1.0791086e-02   2.8854580e-03   1.3551886e-01
   6.5752373e+05   2.9738552e+06   5.6319000e+01   9.9072361e-01   1.0803159e-02   2.7980600e-03   1.3543338e-01
   6.5752369e+05   2.9738554e+06   5.6320000e+01   9.9073637e-01   1.0669689e-02   3.1311360e-03   1.3534330e-01
   6.5752366e+05   2.9738554e+06   5.6324000e+01   9.9074628e-01   1.0890106e-02   2.8079780e-03   1.3526022e-01
   6.5752363e+05   2.9738556e+06   5.6320000e+01   9.9076699e-01   1.1149979e-02   2.8414430e-03   1.3508656e-01
   6.5752359e+05   2.9738557e+06   5.6309000e+01   9.9078358e-01   1.1743936e-02   3.0083720e-03   1.3491082e-01
   6.5752356e+05   2.9738558e+06   5.6309000e+01   9.9080602e-01   1.1854447e-02   2.8451530e-03   1.3473976e-01
   6.5752352e+05   2.9738559e+06   5.6312000e+01   9.9081013e-01   1.1496828e-02   2.8845840e-03   1.3473971e-01
   6.5752349e+05   2.9738561e+06   5.6316000e+01   9.9083356e-01   1.1520823e-02   2.7096450e-03   1.3456885e-01
   6.5752346e+05   2.9738562e+06   5.6315000e+01   9.9084425e-01   1.1619265e-02   2.6339080e-03   1.3448318e-01
   6.5752342e+05   2.9738563e+06   5.6316000e+01   9.9086566e-01   1.1792664e-02   2.6553210e-03   1.3430978e-01
   6.5752338e+05   2.9738564e+06   5.6319000e+01   9.9087629e-01   1.1891081e-02   2.5795360e-03   1.3422414e-01
   6.5752334e+05   2.9738566e+06   5.6321000e+01   9.9089000e-01   1.1730071e-02   2.4686150e-03   1.3413917e-01
   6.5752332e+05   2.9738567e+06   5.6323000e+01   9.9090068e-01   1.1816759e-02   2.4792900e-03   1.3405248e-01
   6.5752328e+05   2.9738568e+06   5.6326000e+01   9.9090061e-01   1.1828459e-02   2.3928180e-03   1.3405353e-01
   6.5752324e+05   2.9738569e+06   5.6327000e+01   9.9091014e-01   1.2013307e-02   2.3286940e-03   1.3396770e-01
   6.5752320e+05   2.9738570e+06   5.6328000e+01   9.9092689e-01   1.2555917e-02   2.2237030e-03   1.3379573e-01
   6.5752316e+05   2.9738571e+06   5.6328000e+01   9.9093513e-01   1.2827207e-02   2.1711370e-03   1.3370980e-01
   6.5752313e+05   2.9738572e+06   5.6324000e+01   9.9094567e-01   1.2913873e-02   2.1816780e-03   1.3362314e-01
   6.5752309e+05   2.9738574e+06   5.6315000e+01   9.9096874e-01   1.2937547e-02   2.0064680e-03   1.3345245e-01
   6.5752307e+05   2.9738574e+06   5.6317000e+01   9.9098137e-01   1.2862881e-02   1.9072210e-03   1.3336728e-01
   6.5752304e+05   2.9738576e+06   5.6328000e+01   9.9099412e-01   1.2776567e-02   1.8944670e-03   1.3328096e-01
   6.5752301e+05   2.9738577e+06   5.6335000e+01   9.9099510e-01   1.2701718e-02   1.7963560e-03   1.3328224e-01
   6.5752298e+05   2.9738578e+06   5.6328000e+01   9.9100547e-01   1.2799980e-02   1.7203890e-03   1.3319672e-01
   6.5752295e+05   2.9738579e+06   5.6320000e+01   9.9102546e-01   1.3048122e-02   1.8394640e-03   1.3302216e-01
   6.5752292e+05   2.9738580e+06   5.6308000e+01   9.9104652e-01   1.3209819e-02   1.9468580e-03   1.3284771e-01
   6.5752288e+05   2.9738581e+06   5.6299000e+01   9.9106982e-01   1.3198581e-02   2.0310400e-03   1.3267358e-01
   6.5752286e+05   2.9738582e+06   5.6302000e+01   9.9106124e-01   1.2973702e-02   1.7379760e-03   1.3276400e-01
   6.5752283e+05   2.9738583e+06   5.6303000e+01   9.9106804e-01   1.2443196e-02   1.7549480e-03   1.3276380e-01
   6.5752279e+05   2.9738585e+06   5.6317000e+01   9.9108070e-01   1.2356861e-02   1.7422830e-03   1.3267747e-01
   6.5752277e+05   2.9738585e+06   5.6325000e+01   9.9108996e-01   1.2541562e-02   1.6778580e-03   1.3259177e-01
   6.5752273e+05   2.9738587e+06   5.6333000e+01   9.9110865e-01   1.2887818e-02   1.7218910e-03   1.3241819e-01
   6.5752270e+05   2.9738588e+06   5.6340000e+01   9.9111876e-01   1.2997555e-02   1.5593320e-03   1.3233381e-01
   6.5752266e+05   2.9738589e+06   5.6340000e+01   9.9113203e-01   1.2859327e-02   1.2756380e-03   1.3225093e-01
   6.5752262e+05   2.9738590e+06   5.6341000e+01   9.9113518e-01   1.2611389e-02   1.1545220e-03   1.3225235e-01
   6.5752258e+05   2.9738591e+06   5.6339000e+01   9.9113333e-01   1.2761294e-02   1.3505900e-03   1.3224994e-01
   6.5752255e+05   2.9738592e+06   5.6341000e+01   9.9113977e-01   1.3141984e-02   1.1361300e-03   1.3216637e-01
   6.5752252e+05   2.9738593e+06   5.6343000e+01   9.9114717e-01   1.3436139e-02   9.1007900e-04   1.3208303e-01
   6.5752249e+05   2.9738595e+06   5.6344000e+01   9.9115633e-01   1.3609208e-02   9.3194400e-04   1.3199638e-01
   6.5752246e+05   2.9738596e+06   5.6343000e+01   9.9115728e-01   1.3534230e-02   8.3393000e-04   1.3199762e-01
   6.5752243e+05   2.9738597e+06   5.6343000e+01   9.9114762e-01   1.3384217e-02   6.3906900e-04   1.3208654e-01
   6.5752240e+05   2.9738598e+06   5.6341000e+01   9.9116079e-01   1.3274745e-02   7.9937300e-04   1.3199783e-01
   6.5752236e+05   2.9738599e+06   5.6339000e+01   9.9117346e-01   1.3188318e-02   7.8670300e-04   1.3191141e-01
   6.5752233e+05   2.9738600e+06   5.6341000e+01   9.9116375e-01   1.3038293e-02   5.9182500e-04   1.3200027e-01
   6.5752229e+05   2.9738601e+06   5.6339000e+01   9.9115449e-01   1.2865252e-02   5.6990900e-04   1.3208686e-01
   6.5752226e+05   2.9738602e+06   5.6337000e+01   9.9115561e-01   1.2778757e-02   5.5838200e-04   1.3208691e-01
   6.5752223e+05   2.9738603e+06   5.6336000e+01   9.9115672e-01   1.2692263e-02   5.4685500e-04   1.3208696e-01
   6.5752220e+05   2.9738604e+06   5.6334000e+01   9.9115561e-01   1.2778757e-02   5.5838200e-04   1.3208691e-01
   6.5752216e+05   2.9738606e+06   5.6340000e+01   9.9117976e-01   1.2692358e-02   5.4464000e-04   1.3191397e-01
   6.5752214e+05   2.9738606e+06   5.6349000e+01   9.9117020e-01   1.2530835e-02   4.3621300e-04   1.3200162e-01
   6.5752211e+05   2.9738607e+06   5.6355000e+01   9.9116034e-01   1.2380856e-02   2.4126200e-04   1.3209029e-01
