   6.5763859e+05   2.9738546e+06   5.6320000e+01   5.9718580e-01   1.0373018e-02   1.1206742e-02   8.0195756e-01
   6.5763839e+05   2.9738545e+06   5.6319512e+01   5.9719019e-01   1.0112690e-02   1.1021174e-02   8.0196019e-01
   6.5763819e+05   2.9738545e+06   5.6322356e+01   5.9705209e-01   9.9919609e-03   1.1164434e-02   8.0206254e-01
   6.5763799e+05   2.9738544e+06   5.6333839e+01   5.9704882e-01   1.0193054e-02   1.1123510e-02   8.0206301e-01
   6.5763779e+05   2.9738543e+06   5.6331194e+01   5.9712370e-01   9.8913230e-03   1.1239222e-02   8.0200943e-01
   6.5763759e+05   2.9738543e+06   5.6322196e+01   5.9715379e-01   9.7696216e-03   1.1221001e-02   8.0198877e-01
   6.5763739e+05   2.9738542e+06   5.6316401e+01   5.9719615e-01   9.7389927e-03   1.1178575e-02   8.0195820e-01
   6.5763720e+05   2.9738542e+06   5.6321399e+01   5.9733008e-01   1.0110096e-02   1.1380300e-02   8.0185102e-01
   6.5763699e+05   2.9738541e+06   5.6322000e+01   5.9757573e-01   1.0369065e-02   1.2095786e-02   8.0165418e-01
   6.5763681e+05   2.9738540e+06   5.6321000e+01   5.9774398e-01   1.0447144e-02   1.2347407e-02   8.0152388e-01
   6.5763661e+05   2.9738540e+06   5.6321521e+01   5.9781600e-01   1.0338481e-02   1.1670996e-02   8.0148171e-01
   6.5763641e+05   2.9738539e+06   5.6318000e+01   5.9799605e-01   1.0051582e-02   1.1280857e-02   8.0135662e-01
   6.5763622e+05   2.9738539e+06   5.6316000e+01   5.9817387e-01   9.8538270e-03   1.1156344e-02   8.0122809e-01
   6.5763603e+05   2.9738538e+06   5.6318439e+01   5.9831937e-01   9.4946466e-03   1.1254374e-02   8.0112241e-01
   6.5763584e+05   2.9738537e+06   5.6326398e+01   5.9838613e-01   9.6956497e-03   1.1317468e-02   8.0106926e-01
   6.5763565e+05   2.9738537e+06   5.6328000e+01   5.9855230e-01   9.8452580e-03   1.1424699e-02   8.0094175e-01
   6.5763545e+05   2.9738536e+06   5.6327000e+01   5.9880481e-01   9.7398430e-03   1.1567269e-02   8.0075223e-01
   6.5763526e+05   2.9738536e+06   5.6324441e+01   5.9904913e-01   1.0009147e-02   1.1692350e-02   8.0056433e-01
   6.5763508e+05   2.9738535e+06   5.6319522e+01   5.9922433e-01   9.7222854e-03   1.1745777e-02   8.0043595e-01
   6.5763489e+05   2.9738534e+06   5.6317496e+01   5.9923777e-01   8.8473958e-03   1.1526760e-02   8.0043923e-01
   6.5763469e+05   2.9738534e+06   5.6328533e+01   5.9930728e-01   8.8756196e-03   1.0905631e-02   8.0039557e-01
   6.5763450e+05   2.9738533e+06   5.6333000e+01   5.9940761e-01   8.9380523e-03   1.1125854e-02   8.0031671e-01
   6.5763431e+05   2.9738533e+06   5.6330681e+01   5.9965276e-01   9.1229175e-03   1.1736209e-02   8.0012224e-01
   6.5763411e+05   2.9738532e+06   5.6325884e+01   5.9992902e-01   9.3217227e-03   1.2219182e-02   7.9990560e-01
   6.5763392e+05   2.9738532e+06   5.6323000e+01   6.0009830e-01   9.4588997e-03   1.2539958e-02   7.9977203e-01
   6.5763372e+05   2.9738531e+06   5.6324504e+01   6.0020525e-01   9.5162978e-03   1.1952331e-02   7.9970009e-01
   6.5763352e+05   2.9738530e+06   5.6323000e+01   6.0038548e-01   8.9597097e-03   1.1496258e-02   7.9957791e-01
   6.5763331e+05   2.9738530e+06   5.6324557e+01   6.0056330e-01   8.9216692e-03   1.1585518e-02   7.9944349e-01
   6.5763310e+05   2.9738529e+06   5.6325000e+01   6.0073443e-01   9.2091333e-03   1.1526962e-02   7.9931249e-01
   6.5763290e+05   2.9738528e+06   5.6325000e+01   6.0094170e-01   9.4392379e-03   1.1681307e-02   7.9915175e-01
   6.5763269e+05   2.9738528e+06   5.6323000e+01   6.0111553e-01   9.3104047e-03   1.1723027e-02   7.9902191e-01
   6.5763248e+05   2.9738527e+06   5.6324451e+01   6.0121885e-01   9.1744995e-03   1.1175858e-02   7.9895358e-01
   6.5763227e+05   2.9738527e+06   5.6326000e+01   6.0139993e-01   8.9554630e-03   1.0734494e-02   7.9882582e-01
   6.5763205e+05   2.9738526e+06   5.6322000e+01   6.0154070e-01   8.8621650e-03   1.0966321e-02   7.9871772e-01
   6.5763184e+05   2.9738525e+06   5.6319571e+01   6.0167684e-01   9.0823590e-03   1.1184843e-02   7.9860966e-01
   6.5763162e+05   2.9738525e+06   5.6317000e+01   6.0185385e-01   9.0151437e-03   1.1235364e-02   7.9847633e-01
   6.5763140e+05   2.9738524e+06   5.6314000e+01   6.0206184e-01   9.0180703e-03   1.1233014e-02   7.9831951e-01
   6.5763117e+05   2.9738523e+06   5.6312000e+01   6.0223447e-01   9.0730660e-03   1.1300710e-02   7.9818771e-01
   6.5763094e+05   2.9738523e+06   5.6309496e+01   6.0240887e-01   9.0755349e-03   1.1298727e-02   7.9805609e-01
   6.5763071e+05   2.9738522e+06   5.6306495e+01   6.0258348e-01   9.0254100e-03   1.1227118e-02   7.9792584e-01
   6.5763047e+05   2.9738521e+06   5.6308420e+01   6.0267589e-01   9.4567446e-03   1.1010571e-02   7.9785407e-01
   6.5763023e+05   2.9738521e+06   5.6312406e+01   6.0278831e-01   9.2999159e-03   1.1063931e-02   7.9777024e-01
   6.5762999e+05   2.9738520e+06   5.6317497e+01   6.0303116e-01   9.3380462e-03   1.1482394e-02   7.9758033e-01
   6.5762975e+05   2.9738519e+06   5.6322000e+01   6.0340747e-01   9.7705640e-03   1.1319167e-02   7.9729282e-01
   6.5762950e+05   2.9738518e+06   5.6321519e+01   6.0355363e-01   9.3300538e-03   1.0663410e-02   7.9719650e-01
   6.5762926e+05   2.9738518e+06   5.6326000e+01   6.0363528e-01   8.5033492e-03   1.0206841e-02   7.9714990e-01
   6.5762900e+05   2.9738517e+06   5.6322935e+01   6.0371234e-01   7.9479671e-03   1.0349336e-02   7.9709543e-01
   6.5762875e+05   2.9738516e+06   5.6319000e+01   6.0381417e-01   8.5031073e-03   1.0480395e-02   7.9701086e-01
   6.5762850e+05   2.9738515e+06   5.6321000e+01   6.0421710e-01   9.0792073e-03   1.0094025e-02   7.9670407e-01
   6.5762824e+05   2.9738515e+06   5.6314418e+01   6.0444126e-01   8.4712978e-03   1.0176605e-02   7.9653966e-01
   6.5762799e+05   2.9738514e+06   5.6318808e+01   6.0453726e-01   8.6563419e-03   1.0191396e-02   7.9646463e-01
   6.5762772e+05   2.9738513e+06   5.6323000e+01   6.0453576e-01   8.7743231e-03   9.6010497e-03   7.9647181e-01
   6.5762746e+05   2.9738513e+06   5.6323000e+01   6.0456843e-01   8.8828676e-03   9.0334071e-03   7.9645245e-01
   6.5762720e+05   2.9738512e+06   5.6321478e+01   6.0477674e-01   9.0308918e-03   1.0020952e-02   7.9628080e-01
   6.5762694e+05   2.9738511e+06   5.6322000e+01   6.0501634e-01   9.1629667e-03   1.0682589e-02   7.9608865e-01
   6.5762667e+05   2.9738510e+06   5.6325517e+01   6.0501962e-01   8.9527208e-03   9.9051094e-03   7.9609861e-01
   6.5762639e+05   2.9738509e+06   5.6324881e+01   6.0503318e-01   7.9762083e-03   8.9893280e-03   7.9610955e-01
   6.5762612e+05   2.9738509e+06   5.6316459e+01   6.0504238e-01   7.2311510e-03   9.0819800e-03   7.9610863e-01
   6.5762585e+05   2.9738508e+06   5.6316086e+01   6.0514533e-01   7.5794443e-03   9.3151002e-03   7.9602444e-01
   6.5762558e+05   2.9738507e+06   5.6321000e+01   6.0528003e-01   7.8341366e-03   9.0040551e-03   7.9592314e-01
   6.5762530e+05   2.9738506e+06   5.6321000e+01   6.0524747e-01   7.5056827e-03   9.3681328e-03   7.9594686e-01
   6.5762503e+05   2.9738505e+06   5.6324000e+01   6.0531380e-01   7.7553884e-03   9.5601975e-03   7.9589174e-01
   6.5762476e+05   2.9738505e+06   5.6324000e+01   6.0524346e-01   7.8302572e-03   9.0856140e-03   7.9595006e-01
   6.5762447e+05   2.9738504e+06   5.6325000e+01   6.0514636e-01   7.1374202e-03   8.6621125e-03   7.9603512e-01
   6.5762419e+05   2.9738503e+06   5.6329040e+01   6.0508112e-01   6.7639937e-03   9.1125997e-03   7.9608294e-01
   6.5762392e+05   2.9738502e+06   5.6338000e+01   6.0517824e-01   7.4850888e-03   9.4887166e-03   7.9599826e-01
   6.5762364e+05   2.9738501e+06   5.6334000e+01   6.0517478e-01   7.7608540e-03   9.7753580e-03   7.9599479e-01
   6.5762336e+05   2.9738501e+06   5.6334000e+01   6.0520674e-01   7.6967877e-03   1.0043296e-02   7.9596777e-01
   6.5762307e+05   2.9738500e+06   5.6330507e+01   6.0549227e-01   7.3314262e-03   1.0211628e-02   7.9575190e-01
   6.5762279e+05   2.9738499e+06   5.6331462e+01   6.0541704e-01   7.6194639e-03   9.6719648e-03   7.9581317e-01
   6.5762251e+05   2.9738498e+06   5.6337000e+01   6.0545146e-01   7.8654453e-03   8.8185038e-03   7.9579451e-01
   6.5762223e+05   2.9738497e+06   5.6332586e+01   6.0552443e-01   7.5778824e-03   9.2377267e-03   7.9573702e-01
   6.5762194e+05   2.9738496e+06   5.6335000e+01   6.0551515e-01   8.2953483e-03   9.4781284e-03   7.9573410e-01
   6.5762166e+05   2.9738496e+06   5.6332198e+01   6.0558645e-01   8.1600843e-03   9.2520071e-03   7.9568390e-01
   6.5762138e+05   2.9738495e+06   5.6331335e+01   6.0570158e-01   8.1953093e-03   9.3714337e-03   7.9559450e-01
   6.5762109e+05   2.9738494e+06   5.6340000e+01   6.0575085e-01   8.7352317e-03   9.5246403e-03   7.9554942e-01
   6.5762080e+05   2.9738493e+06   5.6340000e+01   6.0588888e-01   8.8821809e-03   1.0292268e-02   7.9543312e-01
   6.5762051e+05   2.9738492e+06   5.6341000e+01   6.0584966e-01   9.1918354e-03   9.8395063e-03   7.9546520e-01
   6.5762023e+05   2.9738491e+06   5.6334540e+01   6.0603176e-01   8.3971363e-03   9.5687779e-03   7.9533856e-01
   6.5761994e+05   2.9738491e+06   5.6336468e+01   6.0579779e-01   7.9368573e-03   8.7706855e-03   7.9553072e-01
   6.5761965e+05   2.9738490e+06   5.6344000e+01   6.0593684e-01   7.9398985e-03   8.0525312e-03   7.9543238e-01
   6.5761937e+05   2.9738489e+06   5.6345515e+01   6.0621170e-01   8.1483467e-03   8.3855941e-03   7.9521737e-01
   6.5761910e+05   2.9738488e+06   5.6350000e+01   6.0625842e-01   8.9356980e-03   8.6972961e-03   7.9516995e-01
   6.5761879e+05   2.9738487e+06   5.6352000e+01   6.0636593e-01   9.2548616e-03   8.7451295e-03   7.9508378e-01
   6.5761850e+05   2.9738486e+06   5.6352475e+01   6.0622595e-01   9.5062119e-03   8.2193308e-03   7.9519317e-01
   6.5761822e+05   2.9738486e+06   5.6357314e+01   6.0618802e-01   9.8521400e-03   7.8858770e-03   7.9522125e-01
   6.5761792e+05   2.9738485e+06   5.6356576e+01   6.0632777e-01   9.7640304e-03   8.4034087e-03   7.9511049e-01
   6.5761762e+05   2.9738484e+06   5.6352403e+01   6.0629221e-01   9.3671339e-03   8.4845109e-03   7.9514151e-01
   6.5761733e+05   2.9738483e+06   5.6349000e+01   6.0633524e-01   9.2575978e-03   8.4656216e-03   7.9511018e-01
   6.5761703e+05   2.9738482e+06   5.6345388e+01   6.0625899e-01   9.6827312e-03   9.3889385e-03   7.9515289e-01
   6.5761674e+05   2.9738482e+06   5.6344000e+01   6.0642494e-01   1.0369599e-02   1.0492178e-02   7.9500389e-01
   6.5761646e+05   2.9738481e+06   5.6348000e+01   6.0665335e-01   1.0987434e-02   1.0655349e-02   7.9481913e-01
   6.5761615e+05   2.9738480e+06   5.6342549e+01   6.0679199e-01   1.0974088e-02   1.1273438e-02   7.9470495e-01
   6.5761585e+05   2.9738479e+06   5.6341000e+01   6.0672841e-01   1.0632078e-02   1.1481859e-02   7.9475516e-01
   6.5761555e+05   2.9738478e+06   5.6343438e+01   6.0677592e-01   1.0135243e-02   1.0829856e-02   7.9473453e-01
   6.5761526e+05   2.9738477e+06   5.6345268e+01   6.0658278e-01   9.9471028e-03   1.0301654e-02   7.9489135e-01
   6.5761495e+05   2.9738477e+06   5.6350000e+01   6.0652327e-01   1.0472526e-02   1.0770466e-02   7.9492380e-01
   6.5761464e+05   2.9738476e+06   5.6346914e+01   6.0690356e-01   1.0701317e-02   1.1710567e-02   7.9461715e-01
   6.5761435e+05   2.9738475e+06   5.6344000e+01   6.0689210e-01   1.0985193e-02   1.1874033e-02   7.9461960e-01
   6.5761404e+05   2.9738474e+06   5.6345000e+01   6.0679400e-01   1.0854277e-02   1.1416081e-02   7.9470303e-01
   6.5761374e+05   2.9738473e+06   5.6343000e+01   6.0679894e-01   1.0569089e-02   1.1253345e-02   7.9470542e-01
   6.5761344e+05   2.9738472e+06   5.6346433e+01   6.0679632e-01   1.0731281e-02   1.0972158e-02   7.9470918e-01
   6.5761312e+05   2.9738471e+06   5.6345900e+01   6.0693612e-01   1.0678856e-02   1.0609187e-02   7.9460805e-01
   6.5761282e+05   2.9738470e+06   5.6340000e+01   6.0694954e-01   9.8599905e-03   1.0477046e-02   7.9461013e-01
   6.5761251e+05   2.9738470e+06   5.6342162e+01   6.0695118e-01   9.7513646e-03   1.0669828e-02   7.9460766e-01
   6.5761221e+05   2.9738469e+06   5.6344505e+01   6.0697674e-01   1.0302834e-02   1.0468067e-02   7.9458386e-01
   6.5761191e+05   2.9738468e+06   5.6338233e+01   6.0708354e-01   1.0155315e-02   1.0470678e-02   7.9450413e-01
   6.5761159e+05   2.9738467e+06   5.6328460e+01   6.0702193e-01   9.6581820e-03   1.0850694e-02   7.9455230e-01
   6.5761129e+05   2.9738466e+06   5.6323000e+01   6.0695587e-01   9.4401020e-03   1.1127205e-02   7.9460156e-01
   6.5761098e+05   2.9738465e+06   5.6331527e+01   6.0688140e-01   9.7678507e-03   1.1208327e-02   7.9465334e-01
   6.5761066e+05   2.9738464e+06   5.6339579e+01   6.0702412e-01   1.0184756e-02   1.1893125e-02   7.9452913e-01
   6.5761040e+05   2.9738464e+06   5.6340000e+01   6.0721049e-01   1.0422768e-02   1.2342023e-02   7.9437678e-01
   6.5761006e+05   2.9738463e+06   5.6341448e+01   6.0721873e-01   1.0338252e-02   1.1879485e-02   7.9437863e-01
   6.5760975e+05   2.9738462e+06   5.6346000e+01   6.0708732e-01   9.9027421e-03   1.1234747e-02   7.9449399e-01
   6.5760943e+05   2.9738461e+06   5.6343576e+01   6.0709242e-01   9.5781920e-03   1.1241152e-02   7.9449398e-01
   6.5760912e+05   2.9738460e+06   5.6340000e+01   6.0729589e-01   9.8648107e-03   1.1466022e-02   7.9433174e-01
   6.5760881e+05   2.9738459e+06   5.6341000e+01   6.0743176e-01   1.0032935e-02   1.1825138e-02   7.9422047e-01
   6.5760849e+05   2.9738458e+06   5.6342478e+01   6.0722448e-01   9.9877480e-03   1.1916379e-02   7.9437817e-01
   6.5760818e+05   2.9738457e+06   5.6345000e+01   6.0722816e-01   9.7634756e-03   1.1479304e-02   7.9438458e-01
   6.5760786e+05   2.9738456e+06   5.6340000e+01   6.0744348e-01   9.2895630e-03   1.1571333e-02   7.9422429e-01
   6.5760754e+05   2.9738456e+06   5.6343190e+01   6.0747719e-01   9.7773568e-03   1.1462378e-02   7.9419423e-01
   6.5760723e+05   2.9738455e+06   5.6346000e+01   6.0754043e-01   9.6049377e-03   1.1051723e-02   7.9415378e-01
   6.5760693e+05   2.9738454e+06   5.6345369e+01   6.0744483e-01   9.2050322e-03   1.0976865e-02   7.9423268e-01
   6.5760661e+05   2.9738453e+06   5.6352000e+01   6.0750634e-01   9.6492166e-03   1.0746860e-02   7.9418351e-01
   6.5760630e+05   2.9738452e+06   5.6346012e+01   6.0771983e-01   9.3569286e-03   1.0860321e-02   7.9402211e-01
   6.5760598e+05   2.9738451e+06   5.6342000e+01   6.0793265e-01   9.0269920e-03   1.0783002e-02   7.9386405e-01
   6.5760567e+05   2.9738450e+06   5.6343000e+01   6.0803342e-01   9.0758135e-03   1.0423735e-02   7.9379111e-01
   6.5760534e+05   2.9738449e+06   5.6347000e+01   6.0779136e-01   9.2383913e-03   9.4120645e-03   7.9398723e-01
   6.5760502e+05   2.9738448e+06   5.6341886e+01   6.0782545e-01   9.0053271e-03   9.3223925e-03   7.9396487e-01
   6.5760471e+05   2.9738448e+06   5.6335491e+01   6.0796232e-01   9.4219600e-03   9.9329844e-03   7.9384783e-01
   6.5760440e+05   2.9738447e+06   5.6334426e+01   6.0804588e-01   1.0019134e-02   1.0352573e-02   7.9377116e-01
   6.5760407e+05   2.9738446e+06   5.6335000e+01   6.0819384e-01   1.0074150e-02   1.0419954e-02   7.9365621e-01
   6.5760375e+05   2.9738445e+06   5.6335469e+01   6.0819421e-01   1.0053569e-02   1.0325791e-02   7.9365742e-01
   6.5760343e+05   2.9738444e+06   5.6340440e+01   6.0819315e-01   1.0129817e-02   9.9991017e-03   7.9366145e-01
   6.5760312e+05   2.9738443e+06   5.6341000e+01   6.0826369e-01   1.0058713e-02   9.7322876e-03   7.9361161e-01
   6.5760280e+05   2.9738442e+06   5.6341000e+01   6.0840325e-01   9.9983490e-03   9.5978630e-03   7.9350703e-01
   6.5760248e+05   2.9738441e+06   5.6343000e+01   6.0847356e-01   9.9387032e-03   9.3747276e-03   7.9345653e-01
   6.5760217e+05   2.9738440e+06   5.6343000e+01   6.0847537e-01   9.8226144e-03   9.3667399e-03   7.9345668e-01
   6.5760184e+05   2.9738439e+06   5.6341512e+01   6.0847448e-01   9.8819635e-03   9.3007387e-03   7.9345740e-01
   6.5760153e+05   2.9738439e+06   5.6336645e+01   6.0861363e-01   9.8358015e-03   9.4310079e-03   7.9334971e-01
   6.5760121e+05   2.9738438e+06   5.6337371e+01   6.0863669e-01   9.9886417e-03   9.8652912e-03   7.9332482e-01
   6.5760089e+05   2.9738437e+06   5.6343386e+01   6.0870092e-01   1.0357755e-02   1.0200966e-02   7.9326657e-01
   6.5760058e+05   2.9738436e+06   5.6345000e+01   6.0881284e-01   1.0345730e-02   1.0181970e-02   7.9318107e-01
   6.5760024e+05   2.9738435e+06   5.6341000e+01   6.0900068e-01   9.6294187e-03   1.0038895e-02   7.9304771e-01
   6.5759992e+05   2.9738434e+06   5.6341000e+01   6.0896651e-01   9.3809321e-03   9.8501150e-03   7.9307929e-01
   6.5759960e+05   2.9738433e+06   5.6342000e+01   6.0903485e-01   9.4472810e-03   9.5789460e-03   7.9302935e-01
   6.5759929e+05   2.9738432e+06   5.6339670e+01   6.0908349e-01   9.2880990e-03   9.8474292e-03   7.9299058e-01
   6.5759896e+05   2.9738431e+06   5.6338000e+01   6.0910273e-01   9.5171196e-03   1.0333932e-02   7.9296690e-01
   6.5759863e+05   2.9738430e+06   5.6335474e+01   6.0903107e-01   9.6739790e-03   1.0447167e-02   7.9301855e-01
   6.5759831e+05   2.9738429e+06   5.6331482e+01   6.0913651e-01   9.6501852e-03   1.0413111e-02   7.9293830e-01
   6.5759799e+05   2.9738429e+06   5.6328000e+01   6.0920860e-01   9.6488765e-03   1.0695727e-02   7.9287918e-01
   6.5759766e+05   2.9738428e+06   5.6325436e+01   6.0923668e-01   9.7929501e-03   1.1025528e-02   7.9285132e-01
   6.5759734e+05   2.9738427e+06   5.6327526e+01   6.0930549e-01   9.8170950e-03   1.1054839e-02   7.9279773e-01
   6.5759702e+05   2.9738426e+06   5.6333494e+01   6.0944353e-01   9.8380051e-03   1.1148599e-02   7.9269005e-01
   6.5759670e+05   2.9738425e+06   5.6335000e+01   6.0954795e-01   9.7353175e-03   1.1227410e-02   7.9260991e-01
   6.5759638e+05   2.9738424e+06   5.6334000e+01   6.0965376e-01   9.6681509e-03   1.1058757e-02   7.9253172e-01
   6.5759606e+05   2.9738423e+06   5.6333512e+01   6.0965599e-01   9.5299617e-03   1.0671018e-02   7.9253699e-01
   6.5759575e+05   2.9738422e+06   5.6328615e+01   6.0965652e-01   9.4912504e-03   1.0906917e-02   7.9253384e-01
   6.5759543e+05   2.9738422e+06   5.6327000e+01   6.0971874e-01   9.9283610e-03   1.1436778e-02   7.9247314e-01
   6.5759510e+05   2.9738421e+06   5.6328000e+01   6.0984849e-01   1.0448722e-02   1.1715554e-02   7.9236254e-01
   6.5759479e+05   2.9738420e+06   5.6325722e+01   6.0998286e-01   1.0674031e-02   1.2186441e-02   7.9224900e-01
   6.5759445e+05   2.9738419e+06   5.6322000e+01   6.0998022e-01   1.0822234e-02   1.2482248e-02   7.9224441e-01
   6.5759413e+05   2.9738418e+06   5.6322400e+01   6.1004648e-01   1.0989240e-02   1.2353526e-02   7.9219311e-01
   6.5759380e+05   2.9738417e+06   5.6327516e+01   6.1011344e-01   1.1116796e-02   1.2145005e-02   7.9214298e-01
   6.5759348e+05   2.9738416e+06   5.6329519e+01   6.1014930e-01   1.1117346e-02   1.2144502e-02   7.9211536e-01
   6.5759317e+05   2.9738415e+06   5.6330000e+01   6.1021011e-01   1.1317960e-02   1.2259742e-02   7.9206390e-01
   6.5759286e+05   2.9738414e+06   5.6331000e+01   6.1034173e-01   1.1609379e-02   1.2142769e-02   7.9196007e-01
   6.5759253e+05   2.9738413e+06   5.6329413e+01   6.1051798e-01   1.1681751e-02   1.2149171e-02   7.9182304e-01
   6.5759222e+05   2.9738413e+06   5.6328448e+01   6.1048575e-01   1.1750374e-02   1.2096349e-02   7.9184768e-01
   6.5759189e+05   2.9738412e+06   5.6330000e+01   6.1044382e-01   1.1957093e-02   1.1937086e-02   7.9187933e-01
   6.5759157e+05   2.9738411e+06   5.6330000e+01   6.1050799e-01   1.2211596e-02   1.2121880e-02   7.9182317e-01
   6.5759124e+05   2.9738410e+06   5.6330509e+01   6.1056668e-01   1.2721901e-02   1.2781184e-02   7.9175951e-01
   6.5759093e+05   2.9738409e+06   5.6331000e+01   6.1069596e-01   1.3152497e-02   1.3048559e-02   7.9164840e-01
   6.5759061e+05   2.9738408e+06   5.6330000e+01   6.1079481e-01   1.3284293e-02   1.3005585e-02   7.9157064e-01
   6.5759029e+05   2.9738407e+06   5.6330000e+01   6.1082971e-01   1.3372897e-02   1.2826830e-02   7.9154513e-01
   6.5758996e+05   2.9738406e+06   5.6327442e+01   6.1090173e-01   1.3238744e-02   1.2660931e-02   7.9149448e-01
   6.5758964e+05   2.9738406e+06   5.6322443e+01   6.1099997e-01   1.3300639e-02   1.2943239e-02   7.9141304e-01
   6.5758933e+05   2.9738405e+06   5.6318632e+01   6.1102650e-01   1.3847564e-02   1.3312100e-02   7.9137706e-01
   6.5758900e+05   2.9738404e+06   5.6311972e+01   6.1105149e-01   1.4306606e-02   1.3814915e-02   7.9134098e-01
   6.5758869e+05   2.9738403e+06   5.6304516e+01   6.1114813e-01   1.4557738e-02   1.4278616e-02   7.9125354e-01
   6.5758836e+05   2.9738402e+06   5.6301000e+01   6.1121483e-01   1.4653002e-02   1.4541763e-02   7.9119546e-01
   6.5758804e+05   2.9738401e+06   5.6301518e+01   6.1114353e-01   1.4741474e-02   1.4801960e-02   7.9124407e-01
   6.5758772e+05   2.9738400e+06   5.6300573e+01   6.1120341e-01   1.5120273e-02   1.5207524e-02   7.9118297e-01
   6.5758739e+05   2.9738399e+06   5.6294514e+01   6.1133412e-01   1.5417363e-02   1.5598381e-02   7.9106864e-01
   6.5758707e+05   2.9738399e+06   5.6297992e+01   6.1139489e-01   1.5752871e-02   1.5670656e-02   7.9101363e-01
   6.5758675e+05   2.9738398e+06   5.6309926e+01   6.1139557e-01   1.5726413e-02   1.5636424e-02   7.9101431e-01
   6.5758644e+05   2.9738397e+06   5.6315360e+01   6.1131053e-01   1.5375253e-02   1.5277613e-02   7.9109395e-01
   6.5758611e+05   2.9738396e+06   5.6317520e+01   6.1120299e-01   1.5151313e-02   1.4758670e-02   7.9119121e-01
   6.5758579e+05   2.9738395e+06   5.6316564e+01   6.1120033e-01   1.5257988e-02   1.4896759e-02   7.9118862e-01
   6.5758546e+05   2.9738394e+06   5.6312000e+01   6.1110211e-01   1.5315096e-02   1.5117661e-02   7.9125920e-01
   6.5758513e+05   2.9738393e+06   5.6308421e+01   6.1098540e-01   1.5558269e-02   1.5437485e-02   7.9133840e-01
   6.5758482e+05   2.9738392e+06   5.6307554e+01   6.1090689e-01   1.5932068e-02   1.5639264e-02   7.9138761e-01
   6.5758449e+05   2.9738392e+06   5.6306000e+01   6.1090642e-01   1.5945849e-02   1.5799892e-02   7.9138451e-01
   6.5758417e+05   2.9738391e+06   5.6309496e+01   6.1076725e-01   1.5998207e-02   1.5374794e-02   7.9149924e-01
   6.5758385e+05   2.9738390e+06   5.6310000e+01   6.1059483e-01   1.5937564e-02   1.5089269e-02   7.9163897e-01
   6.5758353e+05   2.9738389e+06   5.6308000e+01   6.1045748e-01   1.5824441e-02   1.5234600e-02   7.9174438e-01
   6.5758321e+05   2.9738388e+06   5.6305540e+01   6.1039107e-01   1.5945751e-02   1.5471899e-02   7.9178854e-01
   6.5758289e+05   2.9738387e+06   5.6304000e+01   6.1027559e-01   1.6307048e-02   1.5363086e-02   7.9187232e-01
   6.5758258e+05   2.9738386e+06   5.6301516e+01   6.1023896e-01   1.6432296e-02   1.5317865e-02   7.9189883e-01
   6.5758227e+05   2.9738386e+06   5.6296610e+01   6.1011061e-01   1.6302476e-02   1.5155380e-02   7.9200353e-01
   6.5758195e+05   2.9738385e+06   5.6292512e+01   6.0989822e-01   1.6244508e-02   1.4803790e-02   7.9217493e-01
   6.5758164e+05   2.9738384e+06   5.6287162e+01   6.0972009e-01   1.6400582e-02   1.5217364e-02   7.9230100e-01
   6.5758134e+05   2.9738383e+06   5.6286307e+01   6.0971153e-01   1.6694103e-02   1.6254109e-02   7.9228086e-01
   6.5758102e+05   2.9738382e+06   5.6297545e+01   6.0969012e-01   1.7482409e-02   1.6524277e-02   7.9227475e-01
   6.5758070e+05   2.9738381e+06   5.6297177e+01   6.0961635e-01   1.7655060e-02   1.6361829e-02   7.9233105e-01
   6.5758038e+05   2.9738380e+06   5.6287108e+01   6.0952900e-01   1.7201340e-02   1.6063056e-02   7.9241434e-01
   6.5758007e+05   2.9738379e+06   5.6285624e+01   6.0936100e-01   1.6906875e-02   1.5205329e-02   7.9256680e-01
   6.5757975e+05   2.9738379e+06   5.6279027e+01   6.0923327e-01   1.6512406e-02   1.4821945e-02   7.9268056e-01
   6.5757945e+05   2.9738378e+06   5.6275390e+01   6.0919229e-01   1.6448818e-02   1.5244189e-02   7.9270537e-01
   6.5757914e+05   2.9738377e+06   5.6278000e+01   6.0922791e-01   1.6692886e-02   1.5499726e-02   7.9266794e-01
   6.5757882e+05   2.9738376e+06   5.6278000e+01   6.0908267e-01   1.6952662e-02   1.5474786e-02   7.9277452e-01
   6.5757851e+05   2.9738375e+06   5.6273449e+01   6.0897586e-01   1.6937306e-02   1.5316588e-02   7.9285997e-01
   6.5757821e+05   2.9738374e+06   5.6270000e+01   6.0895441e-01   1.6572190e-02   1.5272333e-02   7.9288502e-01
   6.5757790e+05   2.9738373e+06   5.6272478e+01   6.0885630e-01   1.6405545e-02   1.5346513e-02   7.9296239e-01
   6.5757759e+05   2.9738373e+06   5.6276000e+01   6.0882036e-01   1.6395906e-02   1.5415347e-02   7.9298884e-01
   6.5757729e+05   2.9738372e+06   5.6277000e+01   6.0882114e-01   1.6364567e-02   1.5438061e-02   7.9298845e-01
   6.5757699e+05   2.9738371e+06   5.6278000e+01   6.0882364e-01   1.6266460e-02   1.5453541e-02   7.9298825e-01
   6.5757669e+05   2.9738370e+06   5.6276628e+01   6.0890361e-01   1.5839272e-02   1.5520343e-02   7.9293419e-01
   6.5757638e+05   2.9738369e+06   5.6278000e+01   6.0880229e-01   1.5682812e-02   1.4905987e-02   7.9302688e-01
   6.5757608e+05   2.9738368e+06   5.6281000e+01   6.0871102e-01   1.5260632e-02   1.4356640e-02   7.9311531e-01
   6.5757578e+05   2.9738368e+06   5.6277459e+01   6.0864708e-01   1.5026107e-02   1.4706555e-02   7.9316245e-01
   6.5757548e+05   2.9738367e+06   5.6271892e+01   6.0860076e-01   1.5344733e-02   1.5123473e-02   7.9318405e-01
   6.5757519e+05   2.9738366e+06   5.6266590e+01   6.0856807e-01   1.5414339e-02   1.5274269e-02   7.9320489e-01
   6.5757488e+05   2.9738365e+06   5.6259400e+01   6.0853079e-01   1.5223698e-02   1.5771606e-02   7.9322744e-01
   6.5757459e+05   2.9738364e+06   5.6256000e+01   6.0850478e-01   1.5145711e-02   1.6095465e-02   7.9324238e-01
   6.5757431e+05   2.9738363e+06   5.6256000e+01   6.0843759e-01   1.5060751e-02   1.6050924e-02   7.9329644e-01
   6.5757400e+05   2.9738363e+06   5.6256000e+01   6.0844203e-01   1.4875701e-02   1.6026529e-02   7.9329702e-01
   6.5757371e+05   2.9738362e+06   5.6257000e+01   6.0837858e-01   1.4629639e-02   1.5995552e-02   7.9335088e-01
   6.5757342e+05   2.9738361e+06   5.6254000e+01   6.0835226e-01   1.4324762e-02   1.5956024e-02   7.9337743e-01
   6.5757312e+05   2.9738360e+06   5.6253000e+01   6.0825160e-01   1.4134081e-02   1.5711934e-02   7.9346289e-01
   6.5757283e+05   2.9738359e+06   5.6252000e+01   6.0819030e-01   1.3786472e-02   1.5261420e-02   7.9352478e-01
   6.5757254e+05   2.9738358e+06   5.6250000e+01   6.0806308e-01   1.3265299e-02   1.5229845e-02   7.9363176e-01
   6.5757225e+05   2.9738358e+06   5.6248522e+01   6.0796505e-01   1.3056423e-02   1.5609873e-02   7.9370295e-01
   6.5757196e+05   2.9738357e+06   5.6247435e+01   6.0786186e-01   1.2945929e-02   1.5694639e-02   7.9378211e-01
   6.5757168e+05   2.9738356e+06   5.6245566e+01   6.0779174e-01   1.2981015e-02   1.6155040e-02   7.9382599e-01
   6.5757140e+05   2.9738355e+06   5.6246478e+01   6.0768759e-01   1.3059538e-02   1.6486877e-02   7.9389762e-01
   6.5757111e+05   2.9738354e+06   5.6245000e+01   6.0765666e-01   1.2811937e-02   1.6676409e-02   7.9392136e-01
   6.5757083e+05   2.9738354e+06   5.6244515e+01   6.0755626e-01   1.2593116e-02   1.6457753e-02   7.9400627e-01
   6.5757055e+05   2.9738353e+06   5.6249525e+01   6.0739307e-01   1.2144843e-02   1.5810858e-02   7.9415123e-01
   6.5757028e+05   2.9738352e+06   5.6252410e+01   6.0733513e-01   1.1562300e-02   1.5609944e-02   7.9420821e-01
   6.5757000e+05   2.9738351e+06   5.6252000e+01   6.0716530e-01   1.1684183e-02   1.5717213e-02   7.9433416e-01
   6.5756972e+05   2.9738351e+06   5.6247143e+01   6.0712261e-01   1.1796961e-02   1.6071687e-02   7.9435802e-01
   6.5756946e+05   2.9738350e+06   5.6243274e+01   6.0698628e-01   1.1678265e-02   1.6474734e-02   7.9445570e-01
   6.5756918e+05   2.9738349e+06   5.6249459e+01   6.0684560e-01   1.1777851e-02   1.6427747e-02   7.9456267e-01
   6.5756891e+05   2.9738348e+06   5.6250583e+01   6.0671284e-01   1.1467143e-02   1.6230369e-02   7.9467264e-01
   6.5756863e+05   2.9738347e+06   5.6250523e+01   6.0650845e-01   1.1269344e-02   1.6207356e-02   7.9483194e-01
   6.5756836e+05   2.9738347e+06   5.6248864e+01   6.0643787e-01   1.1334355e-02   1.6377143e-02   7.9488139e-01
   6.5756810e+05   2.9738346e+06   5.6241535e+01   6.0629994e-01   1.1293233e-02   1.6678821e-02   7.9498092e-01
   6.5756784e+05   2.9738345e+06   5.6239522e+01   6.0622504e-01   1.1581337e-02   1.6846827e-02   7.9503035e-01
   6.5756757e+05   2.9738344e+06   5.6236419e+01   6.0615768e-01   1.1475681e-02   1.6863565e-02   7.9508289e-01
   6.5756731e+05   2.9738344e+06   5.6239946e+01   6.0598718e-01   1.1412258e-02   1.6704014e-02   7.9521712e-01
   6.5756705e+05   2.9738343e+06   5.6248742e+01   6.0586225e-01   1.1041730e-02   1.6079152e-02   7.9533042e-01
   6.5756678e+05   2.9738342e+06   5.6248487e+01   6.0572381e-01   1.0461283e-02   1.5392986e-02   7.9545728e-01
   6.5756653e+05   2.9738341e+06   5.6247000e+01   6.0548275e-01   1.0393000e-02   1.4954330e-02   7.9565004e-01
   6.5756627e+05   2.9738341e+06   5.6250483e+01   6.0548290e-01   1.0383071e-02   1.4797203e-02   7.9565300e-01
   6.5756601e+05   2.9738340e+06   5.6256122e+01   6.0540989e-01   1.0586513e-02   1.4923097e-02   7.9570352e-01
   6.5756576e+05   2.9738339e+06   5.6261000e+01   6.0519359e-01   1.1025413e-02   1.5075741e-02   7.9585921e-01
   6.5756551e+05   2.9738338e+06   5.6257541e+01   6.0516614e-01   1.0784593e-02   1.5258826e-02   7.9587989e-01
   6.5756525e+05   2.9738338e+06   5.6257067e+01   6.0502322e-01   1.0712768e-02   1.5094091e-02   7.9599265e-01
   6.5756500e+05   2.9738337e+06   5.6262000e+01   6.0498946e-01   1.0785082e-02   1.4479209e-02   7.9602876e-01
   6.5756476e+05   2.9738336e+06   5.6256534e+01   6.0478873e-01   1.0342893e-02   1.4337631e-02   7.9618971e-01
   6.5756451e+05   2.9738336e+06   5.6256000e+01   6.0457463e-01   1.0661648e-02   1.4413506e-02   7.9634672e-01
   6.5756426e+05   2.9738335e+06   5.6259575e+01   6.0456846e-01   1.1005344e-02   1.4496378e-02   7.9634522e-01
   6.5756402e+05   2.9738334e+06   5.6263056e+01   6.0452822e-01   1.1197164e-02   1.4674241e-02   7.9636984e-01
   6.5756378e+05   2.9738333e+06   5.6265560e+01   6.0449121e-01   1.1422753e-02   1.4615982e-02   7.9639580e-01
   6.5756354e+05   2.9738333e+06   5.6261000e+01   6.0440968e-01   1.1026945e-02   1.4386492e-02   7.9646744e-01
   6.5756329e+05   2.9738332e+06   5.6261518e+01   6.0418521e-01   1.0982485e-02   1.3903182e-02   7.9664692e-01
   6.5756305e+05   2.9738331e+06   5.6265559e+01   6.0408163e-01   1.1014308e-02   1.3660112e-02   7.9672924e-01
   6.5756281e+05   2.9738331e+06   5.6265000e+01   6.0397213e-01   1.1208865e-02   1.4065092e-02   7.9680248e-01
   6.5756258e+05   2.9738330e+06   5.6268420e+01   6.0392676e-01   1.1851637e-02   1.4275894e-02   7.9682383e-01
   6.5756234e+05   2.9738329e+06   5.6269000e+01   6.0381805e-01   1.1867867e-02   1.4217730e-02   7.9690701e-01
   6.5756210e+05   2.9738328e+06   5.6269504e+01   6.0371689e-01   1.1910820e-02   1.4349958e-02   7.9698063e-01
   6.5756187e+05   2.9738328e+06   5.6269896e+01   6.0364421e-01   1.2070891e-02   1.4283097e-02   7.9703448e-01
   6.5756164e+05   2.9738327e+06   5.6262592e+01   6.0354779e-01   1.1989921e-02   1.4389225e-02   7.9710680e-01
   6.5756141e+05   2.9738326e+06   5.6263123e+01   6.0342974e-01   1.2355275e-02   1.4505871e-02   7.9718848e-01
   6.5756118e+05   2.9738326e+06   5.6270433e+01   6.0335336e-01   1.2692648e-02   1.4312701e-02   7.9724448e-01
   6.5756094e+05   2.9738325e+06   5.6271433e+01   6.0342690e-01   1.2509993e-02   1.3779499e-02   7.9720111e-01
   6.5756072e+05   2.9738324e+06   5.6268000e+01   6.0336363e-01   1.2200751e-02   1.3373559e-02   7.9726069e-01
   6.5756049e+05   2.9738324e+06   5.6268000e+01   6.0323062e-01   1.1894096e-02   1.2828806e-02   7.9737492e-01
   6.5756026e+05   2.9738323e+06   5.6265467e+01   6.0302449e-01   1.1761702e-02   1.2439468e-02   7.9753896e-01
   6.5756003e+05   2.9738322e+06   5.6264503e+01   6.0294645e-01   1.2195083e-02   1.2658276e-02   7.9758801e-01
   6.5755981e+05   2.9738322e+06   5.6262000e+01   6.0304521e-01   1.2588053e-02   1.3463396e-02   7.9749404e-01
   6.5755959e+05   2.9738321e+06   5.6262495e+01   6.0321130e-01   1.2848978e-02   1.3585634e-02   7.9736219e-01
   6.5755937e+05   2.9738320e+06   5.6264528e+01   6.0314236e-01   1.2831541e-02   1.3058253e-02   7.9742343e-01
   6.5755914e+05   2.9738320e+06   5.6262000e+01   6.0291350e-01   1.1948836e-02   1.1899781e-02   7.9762832e-01
   6.5755892e+05   2.9738319e+06   5.6262000e+01   6.0254425e-01   1.1415654e-02   1.1062107e-02   7.9792715e-01
   6.5755869e+05   2.9738318e+06   5.6263000e+01   6.0246703e-01   1.1808300e-02   1.1584444e-02   7.9797233e-01
   6.5755848e+05   2.9738318e+06   5.6263444e+01   6.0251999e-01   1.2636166e-02   1.2533605e-02   7.9790532e-01
   6.5755825e+05   2.9738317e+06   5.6265000e+01   6.0264501e-01   1.3318863e-02   1.2853240e-02   7.9779471e-01
   6.5755804e+05   2.9738316e+06   5.6263525e+01   6.0272005e-01   1.3067164e-02   1.2662190e-02   7.9774523e-01
   6.5755782e+05   2.9738316e+06   5.6262514e+01   6.0262704e-01   1.2491930e-02   1.1610902e-02   7.9784071e-01
   6.5755760e+05   2.9738315e+06   5.6263000e+01   6.0260141e-01   1.2130219e-02   1.0200586e-02   7.9788492e-01
   6.5755738e+05   2.9738315e+06   5.6263442e+01   6.0277751e-01   1.1816494e-02   9.9926612e-03   7.9775923e-01
   6.5755717e+05   2.9738314e+06   5.6272057e+01   6.0305299e-01   1.2305103e-02   9.8982422e-03   7.9754479e-01
   6.5755695e+05   2.9738313e+06   5.6272038e+01   6.0345854e-01   1.2748387e-02   1.0045271e-02   7.9722918e-01
   6.5755674e+05   2.9738313e+06   5.6264527e+01   6.0394583e-01   1.2672391e-02   1.0651418e-02   7.9685343e-01
   6.5755652e+05   2.9738312e+06   5.6268566e+01   6.0429565e-01   1.2932067e-02   9.9522127e-03   7.9659305e-01
   6.5755631e+05   2.9738311e+06   5.6271000e+01   6.0463897e-01   1.2789044e-02   9.1946145e-03   7.9634390e-01
   6.5755610e+05   2.9738311e+06   5.6269000e+01   6.0506211e-01   1.2228868e-02   9.0768334e-03   7.9603261e-01
   6.5755588e+05   2.9738310e+06   5.6271452e+01   6.0551992e-01   1.1995287e-02   8.6357033e-03   7.9569288e-01
   6.5755567e+05   2.9738310e+06   5.6272000e+01   6.0607654e-01   1.2011697e-02   8.1302247e-03   7.9527407e-01
   6.5755546e+05   2.9738309e+06   5.6269533e+01   6.0663912e-01   1.1682889e-02   7.8273696e-03   7.9485296e-01
   6.5755525e+05   2.9738308e+06   5.6265520e+01   6.0727433e-01   1.1178749e-02   7.4379839e-03   7.9437875e-01
   6.5755504e+05   2.9738308e+06   5.6263000e+01   6.0790415e-01   1.0997896e-02   7.1853110e-03   7.9390173e-01
   6.5755483e+05   2.9738307e+06   5.6261053e+01   6.0865344e-01   1.1496119e-02   7.6718766e-03   7.9331580e-01
   6.5755461e+05   2.9738307e+06   5.6252968e+01   6.0958230e-01   1.2132132e-02   8.6164636e-03   7.9258311e-01
   6.5755441e+05   2.9738306e+06   5.6248000e+01   6.1045124e-01   1.2352977e-02   8.8772858e-03   7.9190775e-01
   6.5755419e+05   2.9738305e+06   5.6251000e+01   6.1128233e-01   1.2169981e-02   8.5550328e-03   7.9127278e-01
   6.5755399e+05   2.9738305e+06   5.6253000e+01   6.1205824e-01   1.1178666e-02   8.1058340e-03   7.9069213e-01
   6.5755378e+05   2.9738304e+06   5.6252418e+01   6.1290198e-01   1.0375872e-02   7.6796414e-03   7.9005350e-01
   6.5755358e+05   2.9738304e+06   5.6252000e+01   6.1375525e-01   1.0162832e-02   7.2416839e-03   7.8939772e-01
   6.5755337e+05   2.9738303e+06   5.6252419e+01   6.1487921e-01   9.8481982e-03   7.2593438e-03   7.8852639e-01
   6.5755317e+05   2.9738303e+06   5.6251000e+01   6.1602703e-01   9.7817318e-03   7.6900933e-03   7.8762674e-01
   6.5755297e+05   2.9738302e+06   5.6249113e+01   6.1720949e-01   1.0404267e-02   7.7470937e-03   7.8669192e-01
   6.5755276e+05   2.9738301e+06   5.6239588e+01   6.1850164e-01   1.0573811e-02   8.2694308e-03   7.8566885e-01
   6.5755255e+05   2.9738301e+06   5.6238000e+01   6.1989409e-01   1.0524742e-02   8.5342737e-03   7.8456849e-01
   6.5755235e+05   2.9738300e+06   5.6240000e+01   6.2128120e-01   1.0354092e-02   8.0006360e-03   7.8347843e-01
   6.5755215e+05   2.9738300e+06   5.6243464e+01   6.2272512e-01   1.0363469e-02   7.9747636e-03   7.8233140e-01
   6.5755196e+05   2.9738300e+06   5.6246000e+01   6.2424701e-01   1.0544264e-02   8.4408740e-03   7.8111026e-01
   6.5755175e+05   2.9738299e+06   5.6246000e+01   6.2605289e-01   9.9958819e-03   8.2669428e-03   7.7967270e-01
   6.5755155e+05   2.9738299e+06   5.6248000e+01   6.2774906e-01   1.0277263e-02   7.9008368e-03   7.7830782e-01
   6.5755134e+05   2.9738298e+06   5.6241561e+01   6.2960088e-01   1.0472444e-02   8.1362910e-03   7.7680555e-01
   6.5755115e+05   2.9738297e+06   5.6228388e+01   6.3138096e-01   9.8174814e-03   8.3668835e-03   7.7536553e-01
   6.5755095e+05   2.9738297e+06   5.6218603e+01   6.3324323e-01   9.4034687e-03   8.0463003e-03   7.7385389e-01
   6.5755075e+05   2.9738297e+06   5.6208177e+01   6.3517214e-01   8.9036252e-03   7.9968928e-03   7.7227789e-01
   6.5755054e+05   2.9738296e+06   5.6193447e+01   6.3731273e-01   8.0874547e-03   7.8608975e-03   7.7052274e-01
   6.5755035e+05   2.9738296e+06   5.6193154e+01   6.3927190e-01   7.8973638e-03   7.1046813e-03   7.6890740e-01
   6.5755015e+05   2.9738295e+06   5.6211028e+01   6.4127649e-01   7.6214595e-03   6.5368628e-03   7.6724419e-01
   6.5754996e+05   2.9738295e+06   5.6214000e+01   6.4327470e-01   7.0437730e-03   6.6193635e-03   7.6557444e-01
   6.5754978e+05   2.9738295e+06   5.6212153e+01   6.4551265e-01   6.9785610e-03   6.5559534e-03   7.6368956e-01
   6.5754960e+05   2.9738294e+06   5.6209303e+01   6.4782747e-01   6.7041207e-03   6.6704812e-03   7.6172838e-01
   6.5754940e+05   2.9738294e+06   5.6217869e+01   6.5008129e-01   6.5385672e-03   6.2998587e-03   7.5981042e-01
   6.5754920e+05   2.9738294e+06   5.6227923e+01   6.5238851e-01   5.7488222e-03   5.9989321e-03   7.5783916e-01
   6.5754901e+05   2.9738293e+06   5.6239481e+01   6.5461821e-01   5.2179759e-03   6.1587158e-03   7.5591655e-01
   6.5754882e+05   2.9738293e+06   5.6249000e+01   6.5692221e-01   5.8765329e-03   6.7440393e-03   7.5390529e-01
   6.5754864e+05   2.9738293e+06   5.6249550e+01   6.5905986e-01   6.6048945e-03   7.5960033e-03   7.5202312e-01
   6.5754846e+05   2.9738293e+06   5.6251574e+01   6.6152162e-01   6.3777843e-03   8.6869733e-03   7.4984866e-01
   6.5754829e+05   2.9738293e+06   5.6271760e+01   6.6412802e-01   5.3121036e-03   8.2132911e-03   7.4755488e-01
   6.5754812e+05   2.9738292e+06   5.6291195e+01   6.6656845e-01   4.4405457e-03   6.5895206e-03   7.4540147e-01
   6.5754793e+05   2.9738292e+06   5.6299003e+01   6.6895607e-01   4.1741316e-03   5.8118627e-03   7.4326750e-01
   6.5754775e+05   2.9738292e+06   5.6295945e+01   6.7123176e-01   4.6775777e-03   6.6637862e-03   7.4120283e-01
   6.5754758e+05   2.9738291e+06   5.6285940e+01   6.7364903e-01   5.7196988e-03   8.0879284e-03   7.3898501e-01
   6.5754740e+05   2.9738291e+06   5.6276171e+01   6.7621777e-01   6.9684131e-03   9.2683533e-03   7.3661053e-01
   6.5754722e+05   2.9738291e+06   5.6261514e+01   6.7901292e-01   7.5333066e-03   1.0327104e-02   7.3401503e-01
   6.5754704e+05   2.9738290e+06   5.6248411e+01   6.8156525e-01   6.5731638e-03   9.7452232e-03   7.3166292e-01
   6.5754685e+05   2.9738290e+06   5.6240980e+01   6.8386454e-01   5.0894409e-03   7.6614119e-03   7.2955102e-01
   6.5754668e+05   2.9738290e+06   5.6221363e+01   6.8617142e-01   3.4016576e-03   5.8953786e-03   7.2740804e-01
   6.5754652e+05   2.9738290e+06   5.6198593e+01   6.8833673e-01   2.9274908e-03   5.3669474e-03   7.2536554e-01
   6.5754636e+05   2.9738290e+06   5.6195099e+01   6.9086545e-01   4.1847037e-03   6.5262197e-03   7.2294179e-01
   6.5754620e+05   2.9738290e+06   5.6208982e+01   6.9337142e-01   6.0051395e-03   8.5054501e-03   7.2050515e-01
   6.5754603e+05   2.9738290e+06   5.6206297e+01   6.9578584e-01   7.0409715e-03   9.6502651e-03   7.1814996e-01
   6.5754587e+05   2.9738290e+06   5.6188242e+01   6.9810610e-01   6.3736316e-03   9.5911933e-03   7.1590171e-01
   6.5754570e+05   2.9738289e+06   5.6180495e+01   7.0054769e-01   4.9200683e-03   8.6238499e-03   7.1353652e-01
   6.5754555e+05   2.9738289e+06   5.6188105e+01   7.0281650e-01   4.0480655e-03   7.5737526e-03   7.1131935e-01
   6.5754539e+05   2.9738289e+06   5.6192000e+01   7.0494427e-01   3.6526684e-03   7.1968657e-03   7.0921678e-01
   6.5754523e+05   2.9738289e+06   5.6193000e+01   7.0722367e-01   3.9832495e-03   7.6833435e-03   7.0693690e-01
   6.5754508e+05   2.9738289e+06   5.6191612e+01   7.0964639e-01   4.7696429e-03   8.8406473e-03   7.0448640e-01
   6.5754491e+05   2.9738289e+06   5.6185000e+01   7.1226998e-01   5.1305707e-03   9.5884717e-03   7.0182136e-01
   6.5754474e+05   2.9738289e+06   5.6190495e+01   7.1475565e-01   5.3407867e-03   8.7055395e-03   6.9929968e-01
   6.5754457e+05   2.9738289e+06   5.6189362e+01   7.1711582e-01   3.9228429e-03   7.7840967e-03   6.9689950e-01
   6.5754441e+05   2.9738289e+06   5.6188828e+01   7.1955899e-01   1.7258947e-03   6.5271494e-03   6.9439850e-01
   6.5754426e+05   2.9738289e+06   5.6207720e+01   7.2187441e-01   1.5205617e-03   4.7845251e-03   6.9200587e-01
   6.5754410e+05   2.9738290e+06   5.6209487e+01   7.2450786e-01   1.6608257e-03   4.6529688e-03   6.8924883e-01
   6.5754394e+05   2.9738289e+06   5.6208000e+01   7.2714772e-01   2.9761442e-03   6.1697520e-03   6.8644685e-01
   6.5754379e+05   2.9738290e+06   5.6209591e+01   7.2983312e-01   4.0992492e-03   7.5242082e-03   6.8357164e-01
   6.5754362e+05   2.9738290e+06   5.6208000e+01   7.3254310e-01   4.3263343e-03   8.4275537e-03   6.8065473e-01
   6.5754347e+05   2.9738290e+06   5.6211442e+01   7.3513156e-01   5.1803938e-03   8.4703342e-03   6.7785176e-01
   6.5754330e+05   2.9738290e+06   5.6210449e+01   7.3784639e-01   5.0373678e-03   7.9844240e-03   6.7490264e-01
   6.5754314e+05   2.9738290e+06   5.6205000e+01   7.4039319e-01   3.6159982e-03   7.4622005e-03   6.7212288e-01
   6.5754298e+05   2.9738290e+06   5.6209952e+01   7.4297913e-01   3.1236996e-03   6.5780289e-03   6.6927496e-01
   6.5754283e+05   2.9738290e+06   5.6209490e+01   7.4567744e-01   3.2122812e-03   6.0300281e-03   6.6627207e-01
   6.5754267e+05   2.9738290e+06   5.6199260e+01   7.4839109e-01   2.6253908e-03   5.9845227e-03   6.6322550e-01
   6.5754251e+05   2.9738291e+06   5.6195540e+01   7.5122622e-01   1.8979510e-03   5.9656224e-03   6.6001513e-01
   6.5754237e+05   2.9738291e+06   5.6200463e+01   7.5377291e-01   1.7299659e-03   5.3908345e-03   6.5711060e-01
   6.5754222e+05   2.9738291e+06   5.6209084e+01   7.5618669e-01   1.7838133e-03   4.5343370e-03   6.5433780e-01
   6.5754208e+05   2.9738291e+06   5.6217698e+01   7.5842480e-01   1.5683035e-03   3.8389805e-03   6.5174737e-01
   6.5754192e+05   2.9738291e+06   5.6222000e+01   7.6122139e-01   1.2846602e-03   3.6786323e-03   6.4848039e-01
   6.5754178e+05   2.9738291e+06   5.6223382e+01   7.6403003e-01   1.9145104e-03   4.5157164e-03   6.4516204e-01
   6.5754162e+05   2.9738292e+06   5.6223449e+01   7.6696406e-01   2.8174923e-03   5.1390075e-03   6.4166330e-01
   6.5754148e+05   2.9738292e+06   5.6216683e+01   7.6945990e-01   2.5928868e-03   4.9875084e-03   6.3867038e-01
   6.5754133e+05   2.9738292e+06   5.6212000e+01   7.7212139e-01   1.6953838e-03   4.6277723e-03   6.3545596e-01
   6.5754118e+05   2.9738293e+06   5.6211329e+01   7.7497605e-01   1.5013570e-03   5.0157761e-03   6.3196892e-01
   6.5754104e+05   2.9738293e+06   5.6222000e+01   7.7770759e-01   2.7083628e-03   5.2561056e-03   6.2859839e-01
   6.5754088e+05   2.9738293e+06   5.6233474e+01   7.8040633e-01   3.8021826e-03   5.2296504e-03   6.2523928e-01
   6.5754074e+05   2.9738293e+06   5.6233334e+01   7.8294293e-01   3.6602294e-03   5.0258683e-03   6.2206246e-01
   6.5754059e+05   2.9738294e+06   5.6223731e+01   7.8557842e-01   3.0624911e-03   4.8559495e-03   6.1873547e-01
   6.5754043e+05   2.9738294e+06   5.6222000e+01   7.8853243e-01   3.1445844e-03   4.5551690e-03   6.1496827e-01
   6.5754028e+05   2.9738295e+06   5.6222000e+01   7.9126493e-01   2.2514764e-03   3.9456849e-03   6.1145660e-01
   6.5754013e+05   2.9738295e+06   5.6223000e+01   7.9400039e-01   6.2727883e-04   2.8983313e-03   6.0791001e-01
   6.5753998e+05   2.9738295e+06   5.6222485e+01   7.9656255e-01  -3.1991829e-04   2.2237824e-03   6.0455194e-01
   6.5753983e+05   2.9738296e+06   5.6219000e+01   7.9916810e-01  -1.9739759e-04   2.3630150e-03   6.0110292e-01
   6.5753968e+05   2.9738296e+06   5.6220000e+01   8.0208386e-01   1.3311455e-05   2.6797522e-03   5.9720540e-01
   6.5753952e+05   2.9738297e+06   5.6226707e+01   8.0506130e-01  -2.9508002e-04   2.8177165e-03   5.9318486e-01
   6.5753936e+05   2.9738297e+06   5.6239642e+01   8.0798974e-01  -3.5011205e-04   2.7688340e-03   5.8918995e-01
   6.5753921e+05   2.9738297e+06   5.6239980e+01   8.1078638e-01  -1.1518221e-03   2.5600161e-03   5.8533543e-01
   6.5753906e+05   2.9738298e+06   5.6230125e+01   8.1343984e-01  -2.7342732e-03   2.0612671e-03   5.8163899e-01
   6.5753891e+05   2.9738298e+06   5.6226518e+01   8.1615947e-01  -4.1669538e-03   1.2715932e-03   5.7781030e-01
   6.5753876e+05   2.9738299e+06   5.6227000e+01   8.1895668e-01  -4.6614689e-03   5.6981362e-04   5.7383612e-01
   6.5753862e+05   2.9738300e+06   5.6227000e+01   8.2179842e-01  -4.0478943e-03   9.1007772e-04   5.6976323e-01
   6.5753847e+05   2.9738300e+06   5.6224421e+01   8.2475796e-01  -2.9093882e-03   2.1316460e-03   5.6547441e-01
   6.5753832e+05   2.9738301e+06   5.6222000e+01   8.2760327e-01  -1.9386274e-03   2.8522243e-03   5.6130288e-01
   6.5753817e+05   2.9738301e+06   5.6222000e+01   8.3064541e-01  -1.2297089e-03   3.1678827e-03   5.5679140e-01
   6.5753802e+05   2.9738302e+06   5.6223569e+01   8.3358460e-01  -1.3876610e-03   3.2679779e-03   5.5238040e-01
   6.5753788e+05   2.9738302e+06   5.6228490e+01   8.3627403e-01  -2.1410800e-03   3.1876621e-03   5.4829828e-01
   6.5753774e+05   2.9738303e+06   5.6231000e+01   8.3913617e-01  -2.8851026e-03   2.9137246e-03   5.4390594e-01
   6.5753760e+05   2.9738304e+06   5.6229000e+01   8.4202358e-01  -2.6609666e-03   3.2260962e-03   5.3942451e-01
   6.5753745e+05   2.9738304e+06   5.6233983e+01   8.4508886e-01  -1.2573522e-03   3.6972727e-03   5.3461160e-01
   6.5753731e+05   2.9738305e+06   5.6241371e+01   8.4781717e-01  -4.1786121e-04   3.8558188e-03   5.3027446e-01
   6.5753717e+05   2.9738305e+06   5.6240655e+01   8.5033912e-01  -5.8851630e-04   3.8788254e-03   5.2622048e-01
   6.5753703e+05   2.9738306e+06   5.6235754e+01   8.5280399e-01  -1.1127439e-03   3.9485053e-03   5.2221502e-01
   6.5753688e+05   2.9738307e+06   5.6236504e+01   8.5558749e-01  -1.0764724e-03   3.8870822e-03   5.1764253e-01
   6.5753674e+05   2.9738308e+06   5.6240000e+01   8.5833342e-01   1.0587301e-04   4.3332934e-03   5.1307402e-01
   6.5753660e+05   2.9738308e+06   5.6238945e+01   8.6106237e-01   1.3877659e-03   5.1294099e-03   5.0847160e-01
   6.5753647e+05   2.9738309e+06   5.6232496e+01   8.6365436e-01   2.1002347e-03   5.9245276e-03   5.0404527e-01
   6.5753633e+05   2.9738310e+06   5.6229474e+01   8.6622658e-01   2.6311382e-03   6.7083146e-03   4.9959943e-01
   6.5753620e+05   2.9738311e+06   5.6229000e+01   8.6885133e-01   2.5523349e-03   6.9782151e-03   4.9501732e-01
   6.5753607e+05   2.9738311e+06   5.6232501e+01   8.7152624e-01   2.2027262e-03   6.4959517e-03   4.9030089e-01
   6.5753593e+05   2.9738312e+06   5.6233508e+01   8.7410028e-01   1.5395052e-03   5.9470835e-03   4.8570666e-01
   6.5753580e+05   2.9738313e+06   5.6230000e+01   8.7649621e-01   7.5913710e-04   5.5941427e-03   4.8137566e-01
   6.5753568e+05   2.9738314e+06   5.6235487e+01   8.7874258e-01   1.2398534e-03   5.3917058e-03   4.7726394e-01
   6.5753555e+05   2.9738314e+06   5.6244115e+01   8.8111643e-01   2.8172315e-03   5.9685360e-03   4.7285333e-01
   6.5753543e+05   2.9738315e+06   5.6252046e+01   8.8351446e-01   4.7256276e-03   6.8507374e-03   4.6832994e-01
   6.5753530e+05   2.9738316e+06   5.6259477e+01   8.8586715e-01   5.6615038e-03   7.2472655e-03   4.6384783e-01
   6.5753517e+05   2.9738317e+06   5.6263570e+01   8.8814766e-01   4.5398237e-03   6.8262762e-03   4.5948506e-01
   6.5753504e+05   2.9738317e+06   5.6269000e+01   8.9028725e-01   3.1104969e-03   6.0018489e-03   4.5534922e-01
   6.5753492e+05   2.9738318e+06   5.6272505e+01   8.9248127e-01   2.8453820e-03   5.4952672e-03   4.5104201e-01
   6.5753480e+05   2.9738319e+06   5.6275469e+01   8.9496509e-01   3.9572620e-03   5.5343522e-03   4.4608430e-01
   6.5753467e+05   2.9738320e+06   5.6273542e+01   8.9739286e-01   5.0714880e-03   5.9939164e-03   4.4116256e-01
   6.5753455e+05   2.9738321e+06   5.6265947e+01   8.9960827e-01   4.9061881e-03   6.3635993e-03   4.3662385e-01
   6.5753443e+05   2.9738322e+06   5.6262000e+01   9.0153245e-01   3.4572363e-03   5.7697789e-03   4.3265922e-01
   6.5753431e+05   2.9738323e+06   5.6264556e+01   9.0351988e-01   2.3755173e-03   4.7431799e-03   4.2851335e-01
   6.5753420e+05   2.9738324e+06   5.6267000e+01   9.0559135e-01   2.3277511e-03   4.5592295e-03   4.2412039e-01
   6.5753408e+05   2.9738325e+06   5.6269512e+01   9.0782817e-01   3.2003585e-03   4.9386481e-03   4.1930107e-01
   6.5753396e+05   2.9738326e+06   5.6273549e+01   9.0984329e-01   3.7114851e-03   4.9009411e-03   4.1490650e-01
   6.5753386e+05   2.9738327e+06   5.6274000e+01   9.1159494e-01   3.4388778e-03   4.4742721e-03   4.1105088e-01
   6.5753374e+05   2.9738328e+06   5.6273602e+01   9.1348738e-01   3.3760193e-03   4.5604895e-03   4.0682750e-01
   6.5753363e+05   2.9738329e+06   5.6276762e+01   9.1535665e-01   3.6629006e-03   4.6254031e-03   4.0260079e-01
   6.5753351e+05   2.9738330e+06   5.6280000e+01   9.1746864e-01   4.5619500e-03   4.6409737e-03   3.9775488e-01
   6.5753340e+05   2.9738331e+06   5.6281000e+01   9.1941350e-01   5.4873747e-03   4.9095470e-03   3.9322336e-01
   6.5753328e+05   2.9738332e+06   5.6279544e+01   9.2130058e-01   5.8345954e-03   5.2521375e-03   3.8877193e-01
   6.5753317e+05   2.9738333e+06   5.6279000e+01   9.2302741e-01   5.3053024e-03   5.1066724e-03   3.8466372e-01
   6.5753306e+05   2.9738334e+06   5.6280000e+01   9.2490761e-01   5.0439688e-03   4.7148611e-03   3.8012923e-01
   6.5753294e+05   2.9738335e+06   5.6283524e+01   9.2683255e-01   5.0679273e-03   4.6890987e-03   3.7541144e-01
   6.5753282e+05   2.9738336e+06   5.6290497e+01   9.2874353e-01   5.0918822e-03   4.6630753e-03   3.7065858e-01
   6.5753271e+05   2.9738337e+06   5.6295463e+01   9.3050107e-01   5.0132007e-03   4.4183505e-03   3.6622822e-01
   6.5753260e+05   2.9738338e+06   5.6304102e+01   9.3224561e-01   5.4194688e-03   4.0172310e-03   3.6176321e-01
   6.5753249e+05   2.9738340e+06   5.6307542e+01   9.3393450e-01   6.2156208e-03   4.2471163e-03   3.5736491e-01
   6.5753239e+05   2.9738341e+06   5.6303529e+01   9.3571394e-01   6.9940805e-03   4.6876926e-03   3.5265924e-01
   6.5753228e+05   2.9738342e+06   5.6296412e+01   9.3743977e-01   7.5063325e-03   4.9278341e-03   3.4803168e-01
   6.5753217e+05   2.9738343e+06   5.6288463e+01   9.3922268e-01   7.5515527e-03   5.1319999e-03   3.4318712e-01
   6.5753206e+05   2.9738344e+06   5.6285000e+01   9.4079383e-01   6.8076979e-03   4.9566698e-03   3.3887469e-01
   6.5753196e+05   2.9738346e+06   5.6286000e+01   9.4242583e-01   6.1314846e-03   4.4901228e-03   3.3432888e-01
   6.5753185e+05   2.9738347e+06   5.6293037e+01   9.4403036e-01   6.1083963e-03   4.2120157e-03   3.2977510e-01
   6.5753174e+05   2.9738348e+06   5.6304122e+01   9.4566033e-01   6.0320660e-03   4.1959949e-03   3.2507315e-01
   6.5753164e+05   2.9738350e+06   5.6312000e+01   9.4716282e-01   6.0096499e-03   4.0193862e-03   3.2067168e-01
   6.5753154e+05   2.9738351e+06   5.6314495e+01   9.4868684e-01   6.3056146e-03   4.1248762e-03   3.1612735e-01
   6.5753144e+05   2.9738352e+06   5.6315000e+01   9.5017980e-01   6.7406749e-03   4.3694174e-03   3.1159882e-01
   6.5753133e+05   2.9738353e+06   5.6313515e+01   9.5165673e-01   6.9005023e-03   4.4745017e-03   3.0705348e-01
   6.5753123e+05   2.9738355e+06   5.6314579e+01   9.5317143e-01   7.2386180e-03   4.3100189e-03   3.0231318e-01
   6.5753113e+05   2.9738356e+06   5.6314452e+01   9.5463957e-01   7.3948975e-03   4.1338817e-03   2.9764327e-01
   6.5753103e+05   2.9738358e+06   5.6315435e+01   9.5595516e-01   6.8867008e-03   4.0704773e-03   2.9340372e-01
   6.5753094e+05   2.9738359e+06   5.6319398e+01   9.5720060e-01   5.4677015e-03   3.7497595e-03   2.8934937e-01
   6.5753084e+05   2.9738360e+06   5.6319592e+01   9.5838695e-01   4.5639404e-03   3.3252349e-03   2.8541647e-01
   6.5753075e+05   2.9738362e+06   5.6317470e+01   9.5960058e-01   5.3349214e-03   3.2434356e-03   2.8129655e-01
   6.5753066e+05   2.9738363e+06   5.6314526e+01   9.6077309e-01   6.6186887e-03   3.6355312e-03   2.7723282e-01
   6.5753057e+05   2.9738365e+06   5.6309833e+01   9.6181820e-01   7.5245638e-03   3.9547023e-03   2.7355710e-01
   6.5753048e+05   2.9738366e+06   5.6307000e+01   9.6292758e-01   7.9010942e-03   4.1466129e-03   2.6961242e-01
   6.5753038e+05   2.9738367e+06   5.6309500e+01   9.6403222e-01   7.1529551e-03   4.0984593e-03   2.6565752e-01
   6.5753029e+05   2.9738369e+06   5.6315406e+01   9.6500145e-01   6.1361055e-03   3.4388167e-03   2.6215021e-01
   6.5753020e+05   2.9738370e+06   5.6315434e+01   9.6601152e-01   5.3895783e-03   3.2996576e-03   2.5842176e-01
   6.5753012e+05   2.9738372e+06   5.6309522e+01   9.6684803e-01   5.2027679e-03   3.5398789e-03   2.5527493e-01
   6.5753004e+05   2.9738373e+06   5.6310000e+01   9.6769296e-01   6.0573103e-03   3.4713505e-03   2.5203490e-01
   6.5752995e+05   2.9738375e+06   5.6323002e+01   9.6859867e-01   7.1955330e-03   3.5578392e-03   2.4849986e-01
   6.5752985e+05   2.9738376e+06   5.6345139e+01   9.6948245e-01   7.8570836e-03   3.6477545e-03   2.4500764e-01
   6.5752976e+05   2.9738378e+06   5.6356000e+01   9.7034320e-01   7.9679447e-03   3.5610392e-03   2.4157382e-01
   6.5752968e+05   2.9738379e+06   5.6354000e+01   9.7117930e-01   6.9907593e-03   3.1985100e-03   2.3822609e-01
   6.5752961e+05   2.9738380e+06   5.6356545e+01   9.7189564e-01   6.2492613e-03   2.5416019e-03   2.3531543e-01
   6.5752954e+05   2.9738382e+06   5.6359000e+01   9.7259051e-01   5.9337918e-03   2.5776548e-03   2.3243461e-01
   6.5752946e+05   2.9738383e+06   5.6356000e+01   9.7330994e-01   5.8877354e-03   3.0015327e-03   2.2939940e-01
   6.5752939e+05   2.9738385e+06   5.6358525e+01   9.7398415e-01   6.8974989e-03   2.7216543e-03   2.2649479e-01
   6.5752932e+05   2.9738386e+06   5.6355065e+01   9.7463778e-01   7.7651216e-03   2.6294569e-03   2.2363809e-01
   6.5752925e+05   2.9738388e+06   5.6341921e+01   9.7527562e-01   7.9097037e-03   3.0024683e-03   2.2082998e-01
   6.5752918e+05   2.9738389e+06   5.6336505e+01   9.7586689e-01   7.6263370e-03   2.6890409e-03   2.1821646e-01
   6.5752912e+05   2.9738390e+06   5.6327887e+01   9.7649351e-01   7.1408525e-03   2.6476740e-03   2.1541221e-01
   6.5752905e+05   2.9738392e+06   5.6325477e+01   9.7707175e-01   7.2042652e-03   2.5979845e-03   2.1277252e-01
   6.5752898e+05   2.9738393e+06   5.6327000e+01   9.7766515e-01   7.3064479e-03   2.5514618e-03   2.1002609e-01
   6.5752892e+05   2.9738394e+06   5.6324000e+01   9.7819386e-01   7.2585427e-03   2.7890462e-03   2.0754833e-01
   6.5752885e+05   2.9738396e+06   5.6322484e+01   9.7872927e-01   7.4600782e-03   2.8999843e-03   2.0499989e-01
   6.5752879e+05   2.9738397e+06   5.6324000e+01   9.7925226e-01   7.5645833e-03   2.6335650e-03   2.0248669e-01
   6.5752873e+05   2.9738399e+06   5.6321000e+01   9.7976090e-01   7.6186744e-03   2.6240989e-03   2.0000910e-01
   6.5752867e+05   2.9738400e+06   5.6319000e+01   9.8023558e-01   7.6629855e-03   2.6135797e-03   1.9766802e-01
   6.5752861e+05   2.9738401e+06   5.6319000e+01   9.8069925e-01   7.3608698e-03   2.3562309e-03   1.9536951e-01
   6.5752855e+05   2.9738403e+06   5.6317000e+01   9.8114689e-01   7.3662801e-03   2.3392605e-03   1.9310888e-01
   6.5752849e+05   2.9738404e+06   5.6320055e+01   9.8157576e-01   7.4659316e-03   2.2942584e-03   1.9091363e-01
   6.5752844e+05   2.9738406e+06   5.6320528e+01   9.8200099e-01   7.5974888e-03   2.0820738e-03   1.8871143e-01
   6.5752838e+05   2.9738407e+06   5.6313497e+01   9.8243777e-01   7.5429210e-03   2.1419545e-03   1.8642570e-01
   6.5752833e+05   2.9738408e+06   5.6312568e+01   9.8283830e-01   7.4512930e-03   1.9300585e-03   1.8430851e-01
   6.5752827e+05   2.9738410e+06   5.6305335e+01   9.8320139e-01   7.2463677e-03   2.0836618e-03   1.8236825e-01
   6.5752821e+05   2.9738411e+06   5.6304482e+01   9.8355098e-01   7.2474357e-03   2.0855944e-03   1.8047326e-01
   6.5752815e+05   2.9738413e+06   5.6307000e+01   9.8390339e-01   7.4658240e-03   2.0642474e-03   1.7853326e-01
   6.5752809e+05   2.9738414e+06   5.6309437e+01   9.8428201e-01   8.0524219e-03   2.0638165e-03   1.7640810e-01
   6.5752804e+05   2.9738416e+06   5.6316496e+01   9.8459899e-01   8.1527492e-03   1.7565824e-03   1.7462896e-01
   6.5752798e+05   2.9738417e+06   5.6321527e+01   9.8488291e-01   7.5714182e-03   1.5495043e-03   1.7304889e-01
   6.5752792e+05   2.9738419e+06   5.6320000e+01   9.8512718e-01   7.0788312e-03   1.9622537e-03   1.7166969e-01
   6.5752786e+05   2.9738420e+06   5.6324000e+01   9.8543300e-01   6.9216751e-03   1.6853598e-03   1.6991487e-01
   6.5752780e+05   2.9738422e+06   5.6324000e+01   9.8572727e-01   7.5305626e-03   1.5503638e-03   1.6817445e-01
   6.5752775e+05   2.9738423e+06   5.6320663e+01   9.8596045e-01   8.3835817e-03   1.8903019e-03   1.6675770e-01
   6.5752769e+05   2.9738425e+06   5.6315620e+01   9.8619441e-01   8.3537984e-03   2.0202209e-03   1.6536843e-01
   6.5752763e+05   2.9738426e+06   5.6313000e+01   9.8641234e-01   7.9092340e-03   1.7274221e-03   1.6408884e-01
   6.5752757e+05   2.9738428e+06   5.6309521e+01   9.8663276e-01   7.8210550e-03   1.3786967e-03   1.6276589e-01
   6.5752751e+05   2.9738429e+06   5.6307524e+01   9.8681820e-01   7.8805355e-03   1.5560680e-03   1.6163327e-01
   6.5752746e+05   2.9738431e+06   5.6311492e+01   9.8698442e-01   8.0246615e-03   1.4826553e-03   1.6060871e-01
   6.5752740e+05   2.9738433e+06   5.6309990e+01   9.8717226e-01   8.1702403e-03   1.4080186e-03   1.5944337e-01
   6.5752734e+05   2.9738434e+06   5.6306000e+01   9.8734628e-01   8.0566062e-03   1.2922743e-03   1.5836899e-01
   6.5752728e+05   2.9738436e+06   5.6307000e+01   9.8749244e-01   7.8012814e-03   1.2440185e-03   1.5746834e-01
   6.5752722e+05   2.9738438e+06   5.6309369e+01   9.8762969e-01   7.4035890e-03   1.2298591e-03   1.5662460e-01
   6.5752717e+05   2.9738439e+06   5.6312000e+01   9.8776902e-01   7.4021730e-03   9.4799819e-04   1.5574554e-01
   6.5752711e+05   2.9738441e+06   5.6313000e+01   9.8791502e-01   7.8870872e-03   9.7078804e-04   1.5479265e-01
   6.5752706e+05   2.9738443e+06   5.6314000e+01   9.8807818e-01   8.5209650e-03   1.1489391e-03   1.5371266e-01
   6.5752700e+05   2.9738444e+06   5.6316000e+01   9.8823078e-01   8.6403976e-03   9.3719236e-04   1.5272327e-01
   6.5752694e+05   2.9738446e+06   5.6317000e+01   9.8838312e-01   8.0531101e-03   7.0681870e-04   1.5176778e-01
   6.5752689e+05   2.9738448e+06   5.6316000e+01   9.8851974e-01   7.4377140e-03   6.9404220e-04   1.5090698e-01
   6.5752684e+05   2.9738449e+06   5.6320469e+01   9.8863720e-01   7.2588065e-03   4.4308502e-04   1.5014529e-01
   6.5752679e+05   2.9738451e+06   5.6324000e+01   9.8875583e-01   7.5767969e-03   4.3836037e-04   1.4934625e-01
   6.5752674e+05   2.9738452e+06   5.6330490e+01   9.8885153e-01   8.2397238e-03   3.5635207e-04   1.4867626e-01
   6.5752669e+05   2.9738454e+06   5.6337463e+01   9.8894844e-01   8.9257484e-03   4.5326084e-04   1.4799023e-01
   6.5752663e+05   2.9738455e+06   5.6340000e+01   9.8903133e-01   9.2042416e-03   4.0134528e-04   1.4741827e-01
   6.5752657e+05   2.9738457e+06   5.6340000e+01   9.8909784e-01   8.9120606e-03   2.6568247e-04   1.4698969e-01
   6.5752652e+05   2.9738459e+06   5.6336105e+01   9.8915197e-01   8.4696225e-03   3.2474155e-04   1.4665108e-01
   6.5752647e+05   2.9738460e+06   5.6330000e+01   9.8919322e-01   8.2056046e-03   2.8808007e-04   1.4638770e-01
   6.5752642e+05   2.9738462e+06   5.6329000e+01   9.8922526e-01   8.1596570e-03   1.2919096e-05   1.4617392e-01
   6.5752637e+05   2.9738463e+06   5.6324489e+01   9.8924310e-01   8.3310258e-03   3.9987270e-05   1.4604344e-01
   6.5752633e+05   2.9738465e+06   5.6322241e+01   9.8925950e-01   8.6061159e-03  -9.0293002e-05   1.4591628e-01
   6.5752629e+05   2.9738466e+06   5.6332430e+01   9.8928919e-01   8.7450365e-03  -8.5446928e-05   1.4570662e-01
   6.5752624e+05   2.9738468e+06   5.6340000e+01   9.8934590e-01   8.9050245e-03   2.2560185e-05   1.4531134e-01
   6.5752619e+05   2.9738469e+06   5.6339000e+01   9.8938164e-01   9.1153786e-03  -2.1142978e-04   1.4505457e-01
   6.5752615e+05   2.9738471e+06   5.6340000e+01   9.8942014e-01   8.9657960e-03  -7.1646020e-04   1.4479950e-01
   6.5752611e+05   2.9738472e+06   5.6339908e+01   9.8942407e-01   8.7122416e-03  -4.7279420e-04   1.4478911e-01
   6.5752605e+05   2.9738474e+06   5.6339729e+01   9.8948082e-01   8.7748973e-03   4.5826316e-05   1.4439773e-01
   6.5752600e+05   2.9738476e+06   5.6353362e+01   9.8951376e-01   9.0585025e-03  -4.3606898e-04   1.4415366e-01
   6.5752596e+05   2.9738477e+06   5.6361503e+01   9.8956911e-01   9.2385053e-03  -4.6593718e-04   1.4376163e-01
   6.5752592e+05   2.9738479e+06   5.6355625e+01   9.8958772e-01   9.2088399e-03   3.4460000e-04   1.4363574e-01
   6.5752587e+05   2.9738480e+06   5.6355000e+01   9.8960107e-01   9.2367731e-03   1.5129987e-04   1.4354228e-01
   6.5752583e+05   2.9738482e+06   5.6348881e+01   9.8965361e-01   9.0473009e-03  -1.0181460e-04   1.4319170e-01
   6.5752578e+05   2.9738483e+06   5.6345083e+01   9.8968500e-01   8.9775237e-03   1.1025421e-04   1.4297901e-01
   6.5752573e+05   2.9738485e+06   5.6352428e+01   9.8971627e-01   8.8609143e-03   4.3792680e-05   1.4276968e-01
   6.5752568e+05   2.9738486e+06   5.6350520e+01   9.8974510e-01   8.5356267e-03   4.3267287e-04   1.4258890e-01
   6.5752563e+05   2.9738488e+06   5.6348467e+01   9.8980272e-01   8.3792120e-03   5.8661600e-04   1.4219710e-01
   6.5752558e+05   2.9738489e+06   5.6354461e+01   9.8983078e-01   8.6197516e-03   1.3788987e-04   1.4198840e-01
   6.5752554e+05   2.9738491e+06   5.6352539e+01   9.8986240e-01   8.6083821e-03   2.1560047e-04   1.4176841e-01
   6.5752550e+05   2.9738492e+06   5.6349000e+01   9.8988479e-01   8.8870896e-03   3.8963934e-04   1.4159441e-01
   6.5752546e+05   2.9738494e+06   5.6347513e+01   9.8991537e-01   9.5621033e-03   3.0737815e-04   1.4133659e-01
   6.5752541e+05   2.9738495e+06   5.6339906e+01   9.8995961e-01   1.0093210e-02   6.4409298e-04   1.4098826e-01
   6.5752537e+05   2.9738497e+06   5.6337000e+01   9.8998091e-01   1.0403924e-02   5.9837200e-04   1.4081616e-01
   6.5752533e+05   2.9738498e+06   5.6337000e+01   9.9000084e-01   1.0286806e-02   8.0152082e-04   1.4068360e-01
   6.5752529e+05   2.9738499e+06   5.6338470e+01   9.9000948e-01   1.0042914e-02   9.8594563e-04   1.4063923e-01
   6.5752524e+05   2.9738501e+06   5.6344540e+01   9.9003465e-01   9.9598920e-03   6.1984500e-04   1.4046998e-01
   6.5752520e+05   2.9738502e+06   5.6342484e+01   9.9007069e-01   1.0048028e-02   9.3957970e-04   1.4020767e-01
   6.5752516e+05   2.9738504e+06   5.6342466e+01   9.9007998e-01   1.0336679e-02   1.0692297e-03   1.4012007e-01
   6.5752511e+05   2.9738505e+06   5.6346000e+01   9.9009967e-01   1.0188961e-02   8.6700206e-04   1.3999317e-01
   6.5752507e+05   2.9738507e+06   5.6344000e+01   9.9010681e-01   1.0108525e-02   1.1196722e-03   1.3994665e-01
   6.5752502e+05   2.9738508e+06   5.6345477e+01   9.9012327e-01   1.0257111e-02   1.0077725e-03   1.3982020e-01
   6.5752498e+05   2.9738509e+06   5.6341242e+01   9.9014578e-01   1.0326879e-02   1.1374225e-03   1.3965454e-01
   6.5752493e+05   2.9738510e+06   5.6330044e+01   9.9017398e-01   1.0682192e-02   1.4160141e-03   1.3942518e-01
   6.5752489e+05   2.9738512e+06   5.6328000e+01   9.9019562e-01   1.0924669e-02   1.2719750e-03   1.3925395e-01
   6.5752486e+05   2.9738513e+06   5.6325000e+01   9.9021558e-01   1.0814147e-02   1.4311906e-03   1.3911904e-01
   6.5752482e+05   2.9738515e+06   5.6324956e+01   9.9023430e-01   1.0721585e-02   1.4627780e-03   1.3899257e-01
   6.5752478e+05   2.9738516e+06   5.6331539e+01   9.9025566e-01   1.0468857e-02   1.3798902e-03   1.3886047e-01
   6.5752475e+05   2.9738517e+06   5.6329916e+01   9.9027440e-01   1.0370508e-02   1.4528660e-03   1.3873339e-01
   6.5752471e+05   2.9738519e+06   5.6325000e+01   9.9028650e-01   1.0370635e-02   1.4519610e-03   1.3864698e-01
   6.5752467e+05   2.9738520e+06   5.6320463e+01   9.9031110e-01   1.0330848e-02   1.4445523e-03   1.3847420e-01
   6.5752463e+05   2.9738521e+06   5.6314412e+01   9.9033233e-01   1.0606272e-02   1.6573930e-03   1.3829905e-01
   6.5752459e+05   2.9738523e+06   5.6311551e+01   9.9035606e-01   1.0642100e-02   1.7486050e-03   1.3812519e-01
   6.5752454e+05   2.9738524e+06   5.6306614e+01   9.9038178e-01   1.0484305e-02   1.9009330e-03   1.3795072e-01
   6.5752450e+05   2.9738525e+06   5.6302477e+01   9.9039394e-01   1.0466143e-02   2.0316708e-03   1.3786289e-01
   6.5752447e+05   2.9738527e+06   5.6299000e+01   9.9040741e-01   1.0321169e-02   2.1406688e-03   1.3777536e-01
   6.5752443e+05   2.9738528e+06   5.6300000e+01   9.9041847e-01   1.0418770e-02   2.0652101e-03   1.3768967e-01
   6.5752440e+05   2.9738529e+06   5.6297523e+01   9.9044288e-01   1.0892877e-02   2.4349975e-03   1.3747113e-01
   6.5752436e+05   2.9738531e+06   5.6297000e+01   9.9046058e-01   1.1371987e-02   2.7591086e-03   1.3729857e-01
   6.5752431e+05   2.9738532e+06   5.6303332e+01   9.9047880e-01   1.1444542e-02   2.6030083e-03   1.3716410e-01
   6.5752426e+05   2.9738533e+06   5.6312000e+01   9.9050784e-01   1.1019094e-02   2.1839087e-03   1.3699644e-01
   6.5752422e+05   2.9738535e+06   5.6313000e+01   9.9051840e-01   1.0654923e-02   2.5815386e-03   1.3694197e-01
   6.5752419e+05   2.9738536e+06   5.6314000e+01   9.9052917e-01   1.0611476e-02   2.6115580e-03   1.3686686e-01
   6.5752415e+05   2.9738537e+06   5.6311543e+01   9.9055325e-01   1.0603641e-02   2.6085486e-03   1.3669314e-01
   6.5752412e+05   2.9738539e+06   5.6312516e+01   9.9056687e-01   1.1041312e-02   2.6674107e-03   1.3655860e-01
   6.5752408e+05   2.9738540e+06   5.6318558e+01   9.9057632e-01   1.1268180e-02   2.6095860e-03   1.3647258e-01
   6.5752405e+05   2.9738541e+06   5.6318520e+01   9.9058928e-01   1.1158154e-02   2.7695910e-03   1.3638436e-01
   6.5752401e+05   2.9738542e+06   5.6314477e+01   9.9060215e-01   1.1071949e-02   2.7567230e-03   1.3629816e-01
   6.5752397e+05   2.9738543e+06   5.6311000e+01   9.9061960e-01   1.0860119e-02   3.0171380e-03   1.3618285e-01
   6.5752393e+05   2.9738545e+06   5.6315483e+01   9.9062932e-01   1.0738465e-02   2.9306167e-03   1.3612366e-01
   6.5752390e+05   2.9738546e+06   5.6317084e+01   9.9065438e-01   1.0652524e-02   2.6070870e-03   1.3595451e-01
   6.5752386e+05   2.9738547e+06   5.6303041e+01   9.9066584e-01   1.0670487e-02   2.7847454e-03   1.3586602e-01
   6.5752383e+05   2.9738549e+06   5.6300925e+01   9.9067985e-01   1.0975201e-02   2.8250855e-03   1.3573874e-01
   6.5752380e+05   2.9738550e+06   5.6306500e+01   9.9069901e-01   1.0889125e-02   2.8117790e-03   1.3560605e-01
   6.5752377e+05   2.9738551e+06   5.6310875e+01   9.9071180e-01   1.0791086e-02   2.8854580e-03   1.3551886e-01
   6.5752373e+05   2.9738552e+06   5.6319424e+01   9.9072361e-01   1.0803159e-02   2.7980600e-03   1.3543338e-01
   6.5752369e+05   2.9738553e+06   5.6320000e+01   9.9073637e-01   1.0675235e-02   3.0905458e-03   1.3534375e-01
   6.5752366e+05   2.9738555e+06   5.6324000e+01   9.9074587e-01   1.0932057e-02   2.7761064e-03   1.3526054e-01
   6.5752363e+05   2.9738556e+06   5.6318897e+01   9.9077097e-01   1.1177516e-02   2.8771912e-03   1.3505432e-01
   6.5752359e+05   2.9738557e+06   5.6309477e+01   9.9078408e-01   1.1697098e-02   3.0439819e-03   1.3491045e-01
   6.5752356e+05   2.9738558e+06   5.6309000e+01   9.9080649e-01   1.1815362e-02   2.8398380e-03   1.3473987e-01
   6.5752352e+05   2.9738560e+06   5.6312384e+01   9.9081464e-01   1.1496925e-02   2.8841984e-03   1.3470651e-01
   6.5752349e+05   2.9738561e+06   5.6316000e+01   9.9083348e-01   1.1527813e-02   2.7105943e-03   1.3456883e-01
   6.5752346e+05   2.9738562e+06   5.6315000e+01   9.9084984e-01   1.1619375e-02   2.6334253e-03   1.3444202e-01
   6.5752342e+05   2.9738563e+06   5.6315528e+01   9.9086566e-01   1.1792664e-02   2.6553210e-03   1.3430978e-01
   6.5752338e+05   2.9738564e+06   5.6318513e+01   9.9087629e-01   1.1891081e-02   2.5795360e-03   1.3422414e-01
   6.5752335e+05   2.9738566e+06   5.6321000e+01   9.9089000e-01   1.1730071e-02   2.4686150e-03   1.3413916e-01
   6.5752331e+05   2.9738567e+06   5.6323445e+01   9.9090068e-01   1.1816759e-02   2.4792900e-03   1.3405248e-01
   6.5752328e+05   2.9738568e+06   5.6326000e+01   9.9090061e-01   1.1828459e-02   2.3928180e-03   1.3405353e-01
   6.5752324e+05   2.9738569e+06   5.6327000e+01   9.9090987e-01   1.2037138e-02   2.3105396e-03   1.3396791e-01
   6.5752320e+05   2.9738570e+06   5.6328000e+01   9.9092233e-01   1.2518587e-02   2.2191425e-03   1.3383306e-01
   6.5752316e+05   2.9738571e+06   5.6328000e+01   9.9093020e-01   1.2786656e-02   2.1661973e-03   1.3375035e-01
   6.5752313e+05   2.9738572e+06   5.6323051e+01   9.9094567e-01   1.2913873e-02   2.1816780e-03   1.3362314e-01
   6.5752310e+05   2.9738573e+06   5.6315472e+01   9.9096330e-01   1.2931960e-02   2.0478437e-03   1.3349276e-01
   6.5752307e+05   2.9738575e+06   5.6317986e+01   9.9098137e-01   1.2862881e-02   1.9072210e-03   1.3336728e-01
   6.5752304e+05   2.9738576e+06   5.6329375e+01   9.9099412e-01   1.2776567e-02   1.8944670e-03   1.3328096e-01
   6.5752301e+05   2.9738577e+06   5.6334526e+01   9.9099510e-01   1.2701718e-02   1.7963560e-03   1.3328224e-01
   6.5752298e+05   2.9738578e+06   5.6327539e+01   9.9100547e-01   1.2799980e-02   1.7203890e-03   1.3319672e-01
   6.5752295e+05   2.9738579e+06   5.6319021e+01   9.9102546e-01   1.3048122e-02   1.8394640e-03   1.3302216e-01
   6.5752291e+05   2.9738580e+06   5.6306784e+01   9.9104652e-01   1.3209819e-02   1.9468580e-03   1.3284771e-01
   6.5752288e+05   2.9738581e+06   5.6299000e+01   9.9106988e-01   1.3193295e-02   2.0705225e-03   1.3267305e-01
   6.5752285e+05   2.9738582e+06   5.6302000e+01   9.9106176e-01   1.2934158e-02   1.7326785e-03   1.3276407e-01
   6.5752283e+05   2.9738583e+06   5.6303848e+01   9.9106856e-01   1.2401637e-02   1.7866876e-03   1.3276341e-01
   6.5752279e+05   2.9738584e+06   5.6315624e+01   9.9107539e-01   1.2356791e-02   1.7427777e-03   1.3271712e-01
   6.5752276e+05   2.9738586e+06   5.6325402e+01   9.9109418e-01   1.2576433e-02   1.6820714e-03   1.3255690e-01
   6.5752273e+05   2.9738587e+06   5.6333995e+01   9.9110809e-01   1.2930867e-02   1.7276428e-03   1.3241812e-01
   6.5752269e+05   2.9738588e+06   5.6340000e+01   9.9111868e-01   1.3002628e-02   1.5213339e-03   1.3233431e-01
   6.5752265e+05   2.9738589e+06   5.6340000e+01   9.9112686e-01   1.2822765e-02   1.2284252e-03   1.3229366e-01
   6.5752262e+05   2.9738590e+06   5.6341000e+01   9.9113518e-01   1.2611389e-02   1.1545220e-03   1.3225235e-01
   6.5752258e+05   2.9738591e+06   5.6339000e+01   9.9113333e-01   1.2761294e-02   1.3505900e-03   1.3224994e-01
   6.5752255e+05   2.9738592e+06   5.6341435e+01   9.9114470e-01   1.3147040e-02   1.0980049e-03   1.3212924e-01
   6.5752252e+05   2.9738593e+06   5.6343484e+01   9.9115218e-01   1.3478005e-02   9.1508218e-04   1.3204117e-01
   6.5752248e+05   2.9738595e+06   5.6344000e+01   9.9115633e-01   1.3609208e-02   9.3194400e-04   1.3199638e-01
   6.5752246e+05   2.9738596e+06   5.6343000e+01   9.9115728e-01   1.3534230e-02   8.3393000e-04   1.3199762e-01
   6.5752243e+05   2.9738597e+06   5.6343000e+01   9.9115299e-01   1.3384243e-02   6.3852416e-04   1.3204620e-01
   6.5752240e+05   2.9738598e+06   5.6340503e+01   9.9116079e-01   1.3274745e-02   7.9937300e-04   1.3199783e-01
   6.5752236e+05   2.9738599e+06   5.6339000e+01   9.9117346e-01   1.3188318e-02   7.8670300e-04   1.3191141e-01
   6.5752232e+05   2.9738600e+06   5.6341000e+01   9.9116429e-01   1.2996963e-02   5.8632043e-04   1.3200029e-01
   6.5752229e+05   2.9738601e+06   5.6338533e+01   9.9115460e-01   1.2859872e-02   6.1029215e-04   1.3208635e-01
   6.5752226e+05   2.9738602e+06   5.6337000e+01   9.9115561e-01   1.2778757e-02   5.5838200e-04   1.3208691e-01
   6.5752223e+05   2.9738603e+06   5.6335533e+01   9.9115672e-01   1.2692263e-02   5.4685500e-04   1.3208696e-01
   6.5752219e+05   2.9738604e+06   5.6334000e+01   9.9116122e-01   1.2778781e-02   5.5783902e-04   1.3204479e-01
   6.5752216e+05   2.9738606e+06   5.6339132e+01   9.9117976e-01   1.2692358e-02   5.4464000e-04   1.3191397e-01
   6.5752214e+05   2.9738606e+06   5.6349966e+01   9.9117008e-01   1.2536400e-02   3.9441547e-04   1.3200214e-01
   6.5752211e+05   2.9738607e+06   5.6355862e+01   9.9115572e-01   1.2348550e-02   1.9949227e-04   1.3212801e-01
